.00
69169104.00 508.00 1023.00
69170864.00 508.00 1023.00
69172640.00 509.00 1023.00
69174400.00 508.00 1023.0
Start

time_(μs) raw_current raw_low_voltage
316.00 468.00 964.00
1924.00 471.00 944.00
3480.00 475.00 944.00
5040.00 481.00 948.00
6600.00 485.00 955.00
8160.00 492.00 962.00
9720.00 495.00 967.00
11288.00 499.00 973.00
12884.00 504.00 976.00
14492.00 507.00 981.00
16092.00 508.00 988.00
17700.00 507.00 993.00
19300.00 508.00 997.00
20900.00 508.00 1001.00
22548.00 508.00 1005.00
24192.00 508.00 1010.00
25848.00 507.00 1015.00
27488.00 508.00 1019.00
29128.00 510.00 1023.00
30784.00 508.00 1023.00
32424.00 508.00 1023.00
34080.00 508.00 1023.00
35720.00 508.00 1023.00
37372.00 508.00 1023.00
39024.00 508.00 1023.00
40668.00 508.00 1023.00
42320.00 507.00 1023.00
43960.00 508.00 1023.00
45608.00 507.00 1023.00
47264.00 508.00 1023.00
48908.00 508.00 1023.00
50560.00 509.00 1023.00
52204.00 508.00 1023.00
53848.00 508.00 1023.00
55504.00 508.00 1023.00
57148.00 508.00 1023.00
58796.00 508.00 1023.00
60448.00 508.00 1023.00
62100.00 508.00 1022.00
63752.00 508.00 1023.00
65396.00 508.00 1023.00
67040.00 509.00 1023.00
68696.00 508.00 1023.00
70348.00 508.00 1023.00
72004.00 508.00 1023.00
73652.00 508.00 1023.00
75300.00 508.00 1023.00
76956.00 508.00 1023.00
78604.00 508.00 1023.00
80260.00 508.00 1023.00
81908.00 508.00 1023.00
83556.00 508.00 1023.00
85208.00 507.00 1023.00
86860.00 508.00 1023.00
88508.00 509.00 1023.00
90160.00 508.00 1023.00
91812.00 508.00 1023.00
93468.00 508.00 1023.00
95116.00 508.00 1023.00
96764.00 508.00 1023.00
98420.00 508.00 1023.00
100068.00 508.00 1023.00
101764.00 509.00 1023.00
103460.00 508.00 1023.00
105152.00 508.00 1023.00
106852.00 508.00 1023.00
108548.00 508.00 1023.00
110240.00 508.00 1023.00
111940.00 508.00 1023.00
113632.00 508.00 1023.00
115328.00 508.00 1023.00
117028.00 509.00 1023.00
118720.00 508.00 1023.00
120416.00 508.00 1023.00
122116.00 508.00 1023.00
123808.00 508.00 1023.00
125504.00 509.00 1023.00
127204.00 508.00 1023.00
128896.00 508.00 1023.00
130592.00 508.00 1023.00
132292.00 507.00 1023.00
133960.00 508.00 1023.00
135632.00 508.00 1023.00
137312.00 507.00 1023.00
138988.00 508.00 1023.00
140664.00 508.00 1023.00
142344.00 509.00 1023.00
144020.00 509.00 1023.00
145696.00 507.00 1023.00
147368.00 509.00 1023.00
149040.00 508.00 1023.00
150720.00 508.00 1023.00
152396.00 508.00 1023.00
154068.00 508.00 1023.00
155744.00 508.00 1023.00
157420.00 508.00 1023.00
159096.00 508.00 1023.00
160776.00 508.00 1023.00
162448.00 507.00 1023.00
164128.00 508.00 1023.00
165800.00 507.00 1023.00
167472.00 508.00 1023.00
169152.00 508.00 1023.00
170824.00 508.00 1023.00
172496.00 508.00 1023.00
174176.00 508.00 1023.00
175848.00 508.00 1023.00
177528.00 508.00 1023.00
179208.00 508.00 1023.00
180880.00 508.00 1023.00
182560.00 508.00 1023.00
184232.00 508.00 1023.00
185908.00 508.00 1023.00
187584.00 507.00 1023.00
189260.00 508.00 1023.00
190932.00 508.00 1023.00
192608.00 508.00 1023.00
194280.00 507.00 1023.00
195960.00 509.00 1023.00
197640.00 508.00 1023.00
199312.00 507.00 1023.00
200992.00 508.00 1023.00
202664.00 508.00 1023.00
204340.00 508.00 1023.00
206016.00 508.00 1023.00
207688.00 509.00 1023.00
209360.00 508.00 1023.00
211040.00 508.00 1023.00
212712.00 507.00 1023.00
214392.00 508.00 1023.00
216072.00 508.00 1022.00
217744.00 508.00 1023.00
219424.00 508.00 1023.00
221100.00 508.00 1023.00
222772.00 508.00 1023.00
224448.00 509.00 1023.00
226120.00 508.00 1023.00
227792.00 508.00 1023.00
229472.00 508.00 1023.00
231148.00 508.00 1023.00
232824.00 508.00 1023.00
234504.00 508.00 1023.00
236180.00 508.00 1023.00
237856.00 509.00 1023.00
239532.00 508.00 1022.00
241204.00 507.00 1023.00
242880.00 508.00 1023.00
244556.00 508.00 1023.00
246228.00 507.00 1023.00
247904.00 508.00 1023.00
249580.00 508.00 1023.00
251256.00 508.00 1023.00
252936.00 508.00 1023.00
254612.00 508.00 1023.00
256288.00 507.00 1023.00
257960.00 507.00 1023.00
259632.00 508.00 1023.00
261312.00 508.00 1023.00
262984.00 507.00 1023.00
264656.00 508.00 1023.00
266336.00 508.00 1023.00
268008.00 508.00 1023.00
269688.00 508.00 1023.00
271368.00 508.00 1023.00
273040.00 508.00 1023.00
274720.00 509.00 1023.00
276392.00 508.00 1023.00
278068.00 508.00 1023.00
279744.00 507.00 1023.00
281420.00 508.00 1023.00
283092.00 508.00 1023.00
284768.00 508.00 1023.00
286444.00 508.00 1023.00
288120.00 508.00 1023.00
289800.00 508.00 1023.00
291464.00 508.00 1023.00
293144.00 508.00 1023.00
294820.00 507.00 1023.00
296488.00 508.00 1023.00
298168.00 507.00 1023.00
299844.00 507.00 1023.00
301516.00 508.00 1023.00
303192.00 508.00 1023.00
304868.00 508.00 1023.00
306544.00 508.00 1023.00
308220.00 508.00 1023.00
309896.00 508.00 1023.00
311576.00 508.00 1023.00
313252.00 507.00 1023.00
314924.00 508.00 1023.00
316600.00 508.00 1023.00
318276.00 508.00 1023.00
319948.00 508.00 1023.00
321628.00 508.00 1023.00
323296.00 508.00 1023.00
324976.00 508.00 1023.00
326652.00 508.00 1023.00
328332.00 508.00 1023.00
330008.00 508.00 1023.00
331672.00 508.00 1023.00
333344.00 508.00 1023.00
335024.00 508.00 1023.00
336700.00 507.00 1023.00
338368.00 508.00 1023.00
340048.00 508.00 1023.00
341720.00 508.00 1023.00
343400.00 508.00 1023.00
345072.00 508.00 1023.00
346748.00 508.00 1023.00
348424.00 508.00 1023.00
350096.00 508.00 1023.00
351768.00 508.00 1023.00
353448.00 508.00 1023.00
355120.00 508.00 1023.00
356796.00 508.00 1023.00
358472.00 508.00 1023.00
360144.00 508.00 1023.00
361824.00 508.00 1023.00
363496.00 508.00 1023.00
365172.00 508.00 1023.00
366848.00 508.00 1023.00
368524.00 508.00 1023.00
370196.00 508.00 1023.00
371872.00 508.00 1023.00
373544.00 508.00 1023.00
375220.00 508.00 1023.00
376896.00 508.00 1023.00
378572.00 508.00 1023.00
380248.00 508.00 1023.00
381924.00 508.00 1023.00
383596.00 508.00 1023.00
385276.00 508.00 1023.00
386948.00 508.00 1023.00
388620.00 508.00 1023.00
390296.00 508.00 1023.00
391972.00 508.00 1023.00
393644.00 508.00 1023.00
395320.00 508.00 1023.00
396996.00 508.00 1023.00
398672.00 508.00 1023.00
400348.00 508.00 1023.00
402016.00 508.00 1023.00
403696.00 508.00 1023.00
405372.00 508.00 1023.00
407044.00 508.00 1023.00
408720.00 508.00 1023.00
410396.00 508.00 1023.00
412072.00 508.00 1023.00
413752.00 508.00 1021.00
415424.00 508.00 1023.00
417104.00 508.00 1023.00
418776.00 508.00 1023.00
420448.00 508.00 1023.00
422128.00 508.00 1023.00
423800.00 508.00 1023.00
425472.00 507.00 1023.00
427152.00 508.00 1023.00
428828.00 509.00 1023.00
430504.00 508.00 1023.00
432184.00 508.00 1023.00
433856.00 508.00 1023.00
435536.00 508.00 1023.00
437208.00 507.00 1023.00
438880.00 508.00 1023.00
440560.00 508.00 1023.00
442232.00 508.00 1023.00
443908.00 508.00 1023.00
445584.00 507.00 1023.00
447260.00 508.00 1023.00
448936.00 508.00 1023.00
450616.00 508.00 1023.00
452288.00 508.00 1023.00
453968.00 508.00 1023.00
455644.00 507.00 1023.00
457316.00 508.00 1023.00
458992.00 508.00 1023.00
460668.00 508.00 1023.00
462340.00 508.00 1023.00
464016.00 508.00 1022.00
465688.00 508.00 1023.00
467368.00 508.00 1023.00
469048.00 508.00 1023.00
470724.00 508.00 1023.00
472400.00 508.00 1023.00
474072.00 508.00 1023.00
475748.00 508.00 1023.00
477424.00 508.00 1023.00
479100.00 508.00 1023.00
480772.00 507.00 1023.00
482448.00 508.00 1023.00
484124.00 508.00 1023.00
485800.00 508.00 1023.00
487480.00 507.00 1023.00
489156.00 508.00 1023.00
490832.00 508.00 1023.00
492508.00 508.00 1023.00
494180.00 508.00 1023.00
495856.00 509.00 1023.00
497532.00 507.00 1023.00
499204.00 508.00 1023.00
500880.00 508.00 1023.00
502556.00 508.00 1023.00
504232.00 507.00 1023.00
505912.00 508.00 1023.00
507588.00 508.00 1023.00
509264.00 508.00 1023.00
510940.00 508.00 1023.00
512612.00 507.00 1023.00
514288.00 508.00 1023.00
515960.00 509.00 1023.00
517632.00 508.00 1023.00
519312.00 507.00 1023.00
520988.00 508.00 1023.00
522664.00 508.00 1023.00
524344.00 507.00 1023.00
526016.00 508.00 1023.00
527696.00 508.00 1023.00
529368.00 508.00 1023.00
531040.00 507.00 1023.00
532720.00 508.00 1023.00
534392.00 508.00 1023.00
536068.00 508.00 1023.00
537744.00 508.00 1023.00
539416.00 508.00 1023.00
541096.00 508.00 1023.00
542776.00 508.00 1023.00
544452.00 508.00 1023.00
546128.00 508.00 1023.00
547800.00 508.00 1023.00
549476.00 508.00 1023.00
551152.00 508.00 1023.00
552828.00 508.00 1023.00
554500.00 508.00 1023.00
556176.00 508.00 1023.00
557852.00 508.00 1023.00
559528.00 507.00 1023.00
561208.00 508.00 1022.00
562884.00 508.00 1023.00
564560.00 508.00 1023.00
566232.00 508.00 1023.00
567908.00 508.00 1023.00
569584.00 508.00 1023.00
571260.00 508.00 1023.00
572932.00 508.00 1023.00
574608.00 508.00 1023.00
576284.00 508.00 1023.00
577960.00 508.00 1023.00
579632.00 508.00 1023.00
581308.00 509.00 1023.00
582984.00 508.00 1023.00
584660.00 507.00 1023.00
586328.00 509.00 1023.00
588008.00 508.00 1023.00
589684.00 508.00 1023.00
591352.00 507.00 1023.00
593032.00 508.00 1023.00
594708.00 509.00 1023.00
596384.00 508.00 1023.00
598064.00 508.00 1023.00
599740.00 508.00 1023.00
601416.00 508.00 1023.00
603092.00 508.00 1023.00
604764.00 508.00 1023.00
606440.00 508.00 1023.00
608116.00 508.00 1023.00
609788.00 508.00 1023.00
611464.00 508.00 1023.00
613140.00 508.00 1023.00
614816.00 508.00 1023.00
616496.00 508.00 1023.00
618168.00 507.00 1023.00
619848.00 507.00 1023.00
621524.00 508.00 1022.00
623196.00 508.00 1023.00
624872.00 508.00 1023.00
626548.00 508.00 1023.00
628220.00 508.00 1023.00
629896.00 507.00 1023.00
631572.00 508.00 1023.00
633248.00 508.00 1023.00
634928.00 509.00 1023.00
636604.00 508.00 1023.00
638280.00 507.00 1023.00
639956.00 508.00 1023.00
641628.00 508.00 1023.00
643304.00 507.00 1023.00
644968.00 508.00 1023.00
646640.00 508.00 1023.00
648320.00 508.00 1023.00
649984.00 508.00 1023.00
651664.00 508.00 1023.00
653344.00 508.00 1023.00
655020.00 508.00 1023.00
656696.00 508.00 1023.00
658368.00 508.00 1023.00
660040.00 508.00 1023.00
661720.00 509.00 1023.00
663388.00 508.00 1023.00
665056.00 508.00 1023.00
666736.00 508.00 1023.00
668408.00 509.00 1023.00
670088.00 508.00 1023.00
671760.00 508.00 1023.00
673436.00 507.00 1023.00
675112.00 508.00 1023.00
676788.00 508.00 1023.00
678460.00 508.00 1023.00
680136.00 508.00 1023.00
681800.00 508.00 1023.00
683472.00 509.00 1023.00
685152.00 507.00 1023.00
686828.00 508.00 1023.00
688504.00 508.00 1023.00
690184.00 507.00 1023.00
691860.00 509.00 1023.00
693536.00 508.00 1023.00
695212.00 508.00 1023.00
696884.00 509.00 1023.00
698560.00 507.00 1023.00
700232.00 509.00 1023.00
701908.00 508.00 1023.00
703584.00 508.00 1023.00
705260.00 508.00 1023.00
706936.00 509.00 1023.00
708616.00 507.00 1023.00
710292.00 508.00 1023.00
711968.00 508.00 1023.00
713644.00 508.00 1023.00
715316.00 508.00 1023.00
716992.00 508.00 1023.00
718664.00 508.00 1023.00
720340.00 508.00 1023.00
722016.00 508.00 1023.00
723688.00 508.00 1023.00
725368.00 508.00 1023.00
727048.00 508.00 1023.00
728720.00 508.00 1023.00
730400.00 507.00 1023.00
732072.00 508.00 1023.00
733748.00 508.00 1023.00
735424.00 507.00 1023.00
737100.00 507.00 1023.00
738772.00 507.00 1023.00
740448.00 508.00 1023.00
742124.00 508.00 1023.00
743800.00 507.00 1023.00
745480.00 508.00 1023.00
747156.00 508.00 1023.00
748832.00 508.00 1023.00
750504.00 508.00 1023.00
752180.00 508.00 1023.00
753856.00 508.00 1023.00
755532.00 509.00 1023.00
757204.00 508.00 1023.00
758880.00 507.00 1023.00
760556.00 507.00 1023.00
762232.00 508.00 1023.00
763912.00 508.00 1023.00
765588.00 507.00 1023.00
767264.00 507.00 1023.00
768940.00 508.00 1023.00
770608.00 507.00 1023.00
772288.00 508.00 1023.00
773964.00 508.00 1023.00
775636.00 507.00 1023.00
777312.00 508.00 1023.00
778988.00 508.00 1023.00
780664.00 507.00 1023.00
782344.00 508.00 1023.00
784020.00 507.00 1023.00
785696.00 507.00 1023.00
787372.00 508.00 1023.00
789044.00 507.00 1023.00
790720.00 508.00 1023.00
792396.00 508.00 1023.00
794068.00 508.00 1023.00
795744.00 507.00 1023.00
797420.00 507.00 1023.00
799096.00 508.00 1023.00
800776.00 507.00 1023.00
802448.00 508.00 1023.00
804128.00 507.00 1023.00
805800.00 507.00 1023.00
807476.00 508.00 1022.00
809152.00 508.00 1023.00
810828.00 507.00 1023.00
812500.00 507.00 1023.00
814176.00 507.00 1023.00
815852.00 508.00 1023.00
817528.00 508.00 1023.00
819208.00 508.00 1023.00
820880.00 507.00 1023.00
822560.00 508.00 1023.00
824224.00 507.00 1023.00
825896.00 508.00 1023.00
827576.00 508.00 1023.00
829240.00 507.00 1023.00
830916.00 508.00 1023.00
832592.00 508.00 1023.00
834264.00 508.00 1023.00
835944.00 508.00 1023.00
837616.00 508.00 1023.00
839288.00 508.00 1023.00
840968.00 507.00 1023.00
842640.00 508.00 1023.00
844312.00 508.00 1023.00
845992.00 508.00 1023.00
847668.00 508.00 1023.00
849340.00 508.00 1023.00
851016.00 508.00 1023.00
852692.00 508.00 1023.00
854368.00 508.00 1023.00
856044.00 508.00 1023.00
857712.00 508.00 1023.00
859392.00 508.00 1023.00
861068.00 508.00 1023.00
862736.00 507.00 1023.00
864416.00 508.00 1023.00
866088.00 508.00 1023.00
867760.00 508.00 1023.00
869440.00 508.00 1023.00
871116.00 508.00 1023.00
872792.00 508.00 1023.00
874468.00 508.00 1023.00
876140.00 508.00 1023.00
877816.00 508.00 1023.00
879492.00 508.00 1023.00
881164.00 508.00 1023.00
882840.00 507.00 1023.00
884516.00 508.00 1023.00
886184.00 508.00 1023.00
887864.00 509.00 1023.00
889540.00 509.00 1023.00
891216.00 508.00 1023.00
892892.00 508.00 1023.00
894564.00 508.00 1023.00
896240.00 508.00 1023.00
897912.00 508.00 1023.00
899588.00 507.00 1023.00
901264.00 508.00 1023.00
902936.00 508.00 1023.00
904616.00 508.00 1023.00
906296.00 508.00 1023.00
907968.00 508.00 1023.00
909648.00 508.00 1023.00
911320.00 508.00 1023.00
912996.00 507.00 1023.00
914672.00 509.00 1023.00
916348.00 508.00 1023.00
918020.00 508.00 1023.00
919696.00 508.00 1023.00
921372.00 508.00 1023.00
923048.00 508.00 1023.00
924728.00 508.00 1023.00
926404.00 509.00 1023.00
928080.00 508.00 1023.00
929752.00 507.00 1023.00
931428.00 508.00 1023.00
933104.00 508.00 1023.00
934780.00 507.00 1023.00
936452.00 508.00 1023.00
938128.00 508.00 1023.00
939804.00 508.00 1023.00
941480.00 509.00 1023.00
943160.00 508.00 1023.00
944836.00 508.00 1023.00
946512.00 508.00 1023.00
948188.00 508.00 1023.00
949860.00 507.00 1023.00
951536.00 507.00 1023.00
953212.00 509.00 1023.00
954884.00 509.00 1023.00
956560.00 508.00 1023.00
958236.00 508.00 1023.00
959916.00 508.00 1023.00
961596.00 508.00 1023.00
963268.00 508.00 1023.00
964944.00 508.00 1023.00
966620.00 508.00 1023.00
968292.00 508.00 1023.00
969968.00 508.00 1023.00
971644.00 508.00 1023.00
973316.00 508.00 1023.00
974992.00 508.00 1023.00
976668.00 507.00 1023.00
978344.00 508.00 1023.00
980024.00 507.00 1023.00
981700.00 509.00 1023.00
983376.00 507.00 1023.00
985048.00 507.00 1023.00
986720.00 508.00 1023.00
988400.00 507.00 1023.00
990072.00 508.00 1023.00
991748.00 508.00 1023.00
993424.00 508.00 1023.00
995100.00 509.00 1023.00
996776.00 508.00 1023.00
998456.00 508.00 1023.00
1000128.00 508.00 1023.00
1001852.00 522.00 152.00
1003516.00 545.00 487.00
1005196.00 531.00 383.00
1006872.00 529.00 432.00
1008548.00 528.00 347.00
1010220.00 528.00 350.00
1011896.00 528.00 307.00
1013572.00 526.00 266.00
1015244.00 527.00 265.00
1016920.00 526.00 257.00
1018596.00 524.00 223.00
1020268.00 529.00 266.00
1021940.00 521.00 203.00
1023608.00 528.00 164.00
1025276.00 522.00 190.00
1026940.00 530.00 215.00
1028604.00 521.00 175.00
1030276.00 529.00 200.00
1031940.00 522.00 170.00
1033612.00 521.00 175.00
1035284.00 514.00 160.00
1036948.00 516.00 149.00
1038620.00 518.00 163.00
1040284.00 520.00 167.00
1041948.00 516.00 140.00
1043620.00 519.00 139.00
1045284.00 526.00 157.00
1046948.00 528.00 166.00
1048620.00 517.00 133.00
1050284.00 519.00 131.00
1051956.00 518.00 143.00
1053620.00 526.00 154.00
1055284.00 526.00 152.00
1056956.00 509.00 121.00
1058620.00 517.00 123.00
1060284.00 521.00 135.00
1061956.00 527.00 146.00
1063620.00 533.00 172.00
1065292.00 521.00 98.00
1066912.00 517.00 121.00
1068580.00 513.00 115.00
1070252.00 521.00 126.00
1071916.00 520.00 136.00
1073584.00 527.00 143.00
1075252.00 532.00 164.00
1076916.00 521.00 109.00
1078588.00 519.00 128.00
1080252.00 503.00 96.00
1081872.00 509.00 77.00
1083504.00 520.00 117.00
1085164.00 521.00 119.00
1086836.00 518.00 124.00
1088500.00 526.00 131.00
1090164.00 532.00 110.00
1091836.00 521.00 125.00
1093500.00 530.00 155.00
1095164.00 522.00 105.00
1096836.00 524.00 134.00
1098500.00 516.00 114.00
1100172.00 517.00 114.00
1101844.00 511.00 98.00
1103464.00 518.00 111.00
1105140.00 514.00 102.00
1106804.00 517.00 109.00
1108468.00 518.00 112.00
1110140.00 520.00 114.00
1111808.00 520.00 118.00
1113476.00 524.00 118.00
1115148.00 518.00 116.00
1116816.00 526.00 125.00
1118484.00 533.00 104.00
1120148.00 525.00 131.00
1121812.00 530.00 161.00
1123484.00 521.00 124.00
1125148.00 531.00 150.00
1126820.00 518.00 125.00
1128492.00 530.00 148.00
1130156.00 519.00 125.00
1131828.00 527.00 142.00
1133492.00 512.00 109.00
1135156.00 528.00 143.00
1136828.00 515.00 117.00
1138492.00 529.00 145.00
1140156.00 518.00 124.00
1141828.00 528.00 141.00
1143492.00 519.00 119.00
1145164.00 528.00 143.00
1146828.00 524.00 123.00
1148496.00 531.00 160.00
1150164.00 525.00 125.00
1151828.00 532.00 102.00
1153496.00 523.00 120.00
1155164.00 517.00 111.00
1156828.00 524.00 119.00
1158500.00 518.00 111.00
1160164.00 521.00 110.00
1161828.00 518.00 106.00
1163500.00 519.00 101.00
1165164.00 518.00 101.00
1166828.00 516.00 96.00
1168456.00 514.00 93.00
1170080.00 515.00 95.00
1171712.00 511.00 87.00
1173332.00 514.00 87.00
1174956.00 509.00 85.00
1176584.00 514.00 95.00
1178212.00 511.00 91.00
1179840.00 516.00 103.00
1181508.00 508.00 100.00
1183172.00 517.00 112.00
1184844.00 518.00 109.00
1186508.00 531.00 91.00
1188136.00 524.00 113.00
1189804.00 518.00 100.00
1191468.00 519.00 95.00
1193096.00 516.00 93.00
1194724.00 514.00 85.00
1196352.00 509.00 80.00
1197980.00 511.00 86.00
1199604.00 481.00 40.00
1201232.00 504.00 86.00
1202860.00 493.00 52.00
1204488.00 529.00 129.00
1206156.00 523.00 107.00
1207820.00 517.00 91.00
1209448.00 519.00 90.00
1211076.00 513.00 81.00
1212704.00 512.00 80.00
1214332.00 511.00 82.00
1215956.00 516.00 100.00
1217628.00 514.00 105.00
1219292.00 529.00 93.00
1220920.00 521.00 97.00
1222548.00 515.00 84.00
1224172.00 512.00 75.00
1225800.00 503.00 4.00
1227384.00 507.00 78.00
1229008.00 509.00 82.00
1230632.00 529.00 89.00
1232256.00 521.00 92.00
1233880.00 514.00 78.00
1235508.00 513.00 68.00
1237136.00 513.00 82.00
1238764.00 522.00 106.00
1240436.00 515.00 89.00
1242056.00 518.00 81.00
1243680.00 499.00 5.00
1245268.00 507.00 66.00
1246892.00 519.00 94.00
1248520.00 521.00 97.00
1250148.00 517.00 85.00
1251768.00 515.00 71.00
1253400.00 507.00 64.00
1255028.00 518.00 96.00
1256656.00 517.00 89.00
1258284.00 516.00 75.00
1259908.00 486.00 0.00
1261472.00 492.00 40.00
1263088.00 525.00 105.00
1264764.00 516.00 80.00
1266388.00 512.00 63.00
1268016.00 508.00 66.00
1269644.00 496.00 60.00
1271268.00 518.00 82.00
1272896.00 512.00 64.00
1274524.00 509.00 64.00
1276152.00 521.00 101.00
1277824.00 518.00 75.00
1279444.00 506.00 49.00
1281072.00 516.00 82.00
1282696.00 509.00 70.00
1284328.00 516.00 70.00
1285944.00 512.00 59.00
1287568.00 491.00 49.00
1289192.00 520.00 77.00
1290820.00 503.00 0.00
1292388.00 510.00 58.00
1294008.00 525.00 106.00
1295684.00 517.00 74.00
1297304.00 506.00 56.00
1298928.00 518.00 88.00
1300560.00 521.00 86.00
1302184.00 511.00 58.00
1303816.00 509.00 66.00
1305444.00 500.00 54.00
1307068.00 518.00 73.00
1308696.00 512.00 58.00
1310324.00 493.00 36.00
1311952.00 519.00 79.00
1313580.00 491.00 8.00
1315156.00 512.00 68.00
1316780.00 525.00 116.00
1318444.00 514.00 65.00
1320072.00 506.00 57.00
1321688.00 520.00 98.00
1323320.00 518.00 69.00
1324936.00 506.00 45.00
1326560.00 514.00 78.00
1328192.00 518.00 77.00
1329808.00 513.00 61.00
1331440.00 513.00 66.00
1333056.00 509.00 72.00
1334680.00 515.00 65.00
1336304.00 509.00 54.00
1337928.00 499.00 50.00
1339560.00 517.00 71.00
1341176.00 510.00 55.00
1342808.00 514.00 43.00
1344432.00 519.00 75.00
1346056.00 510.00 53.00
1347688.00 509.00 74.00
1349304.00 528.00 79.00
1350936.00 514.00 61.00
1352552.00 506.00 56.00
1354176.00 526.00 107.00
1355852.00 515.00 63.00
1357472.00 506.00 20.00
1359104.00 518.00 88.00
1360724.00 518.00 73.00
1362344.00 509.00 49.00
1363976.00 514.00 73.00
1365596.00 512.00 75.00
1367224.00 514.00 61.00
1368848.00 511.00 64.00
1370480.00 514.00 87.00
1372096.00 519.00 75.00
1373724.00 510.00 51.00
1375352.00 508.00 74.00
1376972.00 529.00 82.00
1378600.00 514.00 62.00
1380216.00 488.00 16.00
1381840.00 513.00 83.00
1383472.00 519.00 77.00
1385100.00 512.00 60.00
1386728.00 511.00 66.00
1388356.00 502.00 65.00
1389980.00 520.00 79.00
1391604.00 514.00 65.00
1393228.00 513.00 40.00
1394856.00 526.00 77.00
1396476.00 517.00 76.00
1398104.00 507.00 56.00
1399728.00 518.00 96.00
1401356.00 521.00 89.00
1402984.00 514.00 67.00
1404608.00 495.00 40.00
1406240.00 515.00 42.00
1407856.00 518.00 87.00
1409484.00 513.00 56.00
1411112.00 482.00 0.00
1412672.00 513.00 80.00
1414296.00 515.00 80.00
1415924.00 515.00 72.00
1417552.00 509.00 64.00
1419180.00 516.00 75.00
1420804.00 529.00 86.00
1422432.00 495.00 37.00
1424048.00 506.00 58.00
1425680.00 518.00 96.00
1427300.00 514.00 83.00
1428920.00 516.00 73.00
1430552.00 511.00 66.00
1432180.00 514.00 44.00
1433808.00 517.00 85.00
1435432.00 501.00 0.00
1437000.00 487.00 16.00
1438616.00 516.00 84.00
1440244.00 510.00 80.00
1441872.00 517.00 74.00
1443488.00 513.00 69.00
1445120.00 513.00 92.00
1446744.00 528.00 73.00
1448368.00 517.00 70.00
1450000.00 484.00 4.00
1451584.00 496.00 54.00
1453208.00 507.00 75.00
1454824.00 516.00 78.00
1456456.00 511.00 59.00
1458080.00 481.00 5.00
1459660.00 518.00 93.00
1461288.00 521.00 87.00
1462912.00 512.00 67.00
1464544.00 510.00 66.00
1466172.00 495.00 57.00
1467792.00 517.00 80.00
1469420.00 514.00 65.00
1471044.00 506.00 62.00
1472672.00 518.00 100.00
1474340.00 519.00 82.00
1475964.00 512.00 43.00
1477584.00 512.00 70.00
1479212.00 511.00 81.00
1480840.00 519.00 79.00
1482468.00 510.00 0.00
1484036.00 507.00 62.00
1485656.00 523.00 107.00
1487324.00 517.00 75.00
1488952.00 511.00 60.00
1490576.00 514.00 80.00
1492208.00 514.00 81.00
1493828.00 514.00 58.00
1495452.00 507.00 56.00
1497072.00 485.00 44.00
1498696.00 518.00 78.00
1500328.00 512.00 58.00
1501952.00 507.00 67.00
1503584.00 524.00 118.00
1505256.00 514.00 61.00
1506876.00 503.00 45.00
1508504.00 521.00 96.00
1510132.00 521.00 79.00
1511760.00 511.00 56.00
1513388.00 513.00 74.00
1515012.00 512.00 74.00
1516640.00 515.00 63.00
1518268.00 511.00 60.00
1519896.00 487.00 2.00
1521480.00 519.00 79.00
1523108.00 513.00 58.00
1524732.00 509.00 67.00
1526364.00 525.00 119.00
1528036.00 516.00 64.00
1529660.00 504.00 50.00
1531284.00 522.00 100.00
1532956.00 520.00 73.00
1534580.00 510.00 55.00
1536208.00 507.00 64.00
1537832.00 510.00 67.00
1539456.00 516.00 63.00
1541080.00 508.00 48.00
1542704.00 492.00 48.00
1544336.00 519.00 74.00
1545956.00 512.00 62.00
1547584.00 510.00 76.00
1549212.00 526.00 73.00
1550836.00 516.00 64.00
1552464.00 502.00 34.00
1554092.00 522.00 100.00
1555764.00 521.00 79.00
1557388.00 509.00 16.00
1559020.00 499.00 57.00
1560648.00 512.00 73.00
1562276.00 515.00 71.00
1563904.00 511.00 62.00
1565532.00 491.00 52.00
1567152.00 518.00 78.00
1568784.00 513.00 62.00
1570408.00 510.00 74.00
1572040.00 526.00 75.00
1573668.00 515.00 61.00
1575292.00 506.00 54.00
1576916.00 524.00 104.00
1578584.00 518.00 75.00
1580208.00 506.00 53.00
1581836.00 518.00 81.00
1583464.00 517.00 71.00
1585092.00 512.00 57.00
1586716.00 511.00 68.00
1588348.00 517.00 77.00
1589972.00 515.00 66.00
1591600.00 513.00 65.00
1593228.00 516.00 82.00
1594852.00 517.00 69.00
1596480.00 510.00 56.00
1598108.00 515.00 66.00
1599736.00 517.00 75.00
1601364.00 508.00 44.00
1602984.00 510.00 0.00
1604552.00 527.00 73.00
1606168.00 516.00 64.00
1607800.00 506.00 54.00
1609424.00 522.00 99.00
1611056.00 515.00 61.00
1612684.00 508.00 50.00
1614308.00 522.00 92.00
1615936.00 521.00 75.00
1617564.00 508.00 50.00
1619192.00 515.00 78.00
1620820.00 517.00 76.00
1622444.00 511.00 54.00
1624072.00 511.00 72.00
1625692.00 513.00 66.00
1627320.00 515.00 62.00
1628948.00 510.00 66.00
1630576.00 518.00 86.00
1632204.00 516.00 66.00
1633824.00 486.00 1.00
1635412.00 505.00 32.00
1637036.00 520.00 80.00
1638664.00 488.00 0.00
1640228.00 485.00 0.00
1641788.00 521.00 93.00
1643408.00 520.00 70.00
1645032.00 505.00 47.00
1646664.00 517.00 84.00
1648280.00 518.00 78.00
1649912.00 512.00 59.00
1651528.00 513.00 74.00
1653152.00 520.00 91.00
1654776.00 517.00 67.00
1656400.00 500.00 37.00
1658032.00 491.00 36.00
1659648.00 519.00 80.00
1661280.00 510.00 51.00
1662896.00 495.00 48.00
1664520.00 528.00 76.00
1666152.00 519.00 68.00
1667768.00 508.00 60.00
1669400.00 520.00 98.00
1671016.00 520.00 78.00
1672640.00 498.00 50.00
1674272.00 516.00 88.00
1675888.00 522.00 87.00
1677520.00 510.00 58.00
1679136.00 499.00 49.00
1680760.00 507.00 71.00
1682384.00 516.00 71.00
1684008.00 487.00 20.00
1685640.00 491.00 15.00
1687256.00 520.00 78.00
1688888.00 518.00 73.00
1690504.00 508.00 68.00
1692128.00 523.00 111.00
1693804.00 518.00 75.00
1695424.00 507.00 58.00
1697056.00 517.00 97.00
1698672.00 521.00 86.00
1700296.00 512.00 63.00
1701928.00 500.00 57.00
1703544.00 507.00 65.00
1705176.00 518.00 82.00
1706800.00 487.00 8.00
1708380.00 490.00 0.00
1709944.00 529.00 114.00
1711604.00 520.00 75.00
1713232.00 508.00 61.00
1714860.00 517.00 88.00
1716488.00 519.00 87.00
1718112.00 514.00 71.00
1719740.00 511.00 72.00
1721368.00 512.00 84.00
1722992.00 518.00 79.00
1724624.00 490.00 14.00
1726248.00 488.00 39.00
1727872.00 528.00 121.00
1729548.00 516.00 70.00
1731172.00 509.00 60.00
1732800.00 517.00 88.00
1734424.00 520.00 81.00
1736056.00 510.00 59.00
1737672.00 512.00 72.00
1739300.00 517.00 83.00
1740928.00 516.00 73.00
1742552.00 510.00 57.00
1744184.00 513.00 64.00
1745808.00 517.00 84.00
1747432.00 514.00 66.00
1749064.00 506.00 60.00
1750688.00 526.00 119.00
1752364.00 516.00 67.00
1753988.00 509.00 60.00
1755608.00 520.00 97.00
1757240.00 517.00 71.00
1758868.00 508.00 49.00
1760496.00 517.00 81.00
1762120.00 515.00 72.00
1763744.00 512.00 55.00
1765372.00 515.00 72.00
1767004.00 519.00 90.00
1768632.00 515.00 63.00
1770260.00 509.00 56.00
1771888.00 497.00 55.00
1773504.00 517.00 75.00
1775132.00 509.00 56.00
1776760.00 510.00 0.00
1778328.00 527.00 78.00
1779952.00 517.00 65.00
1781580.00 506.00 52.00
1783204.00 520.00 92.00
1784824.00 518.00 72.00
1786460.00 511.00 53.00
1788088.00 515.00 82.00
1789716.00 522.00 90.00
1791344.00 512.00 61.00
1792972.00 506.00 56.00
1794592.00 502.00 60.00
1796224.00 518.00 77.00
1797844.00 510.00 56.00
1799472.00 512.00 84.00
1801100.00 528.00 81.00
1802732.00 514.00 63.00
1804360.00 505.00 54.00
1805976.00 520.00 94.00
1807608.00 517.00 75.00
1809232.00 513.00 60.00
1810856.00 515.00 72.00
1812488.00 511.00 75.00
1814112.00 517.00 72.00
1815744.00 512.00 60.00
1817372.00 514.00 37.00
1819000.00 530.00 81.00
1820628.00 514.00 67.00
1822252.00 492.00 25.00
1823880.00 514.00 92.00
1825508.00 520.00 80.00
1827136.00 510.00 54.00
1828764.00 510.00 69.00
1830388.00 499.00 57.00
1832016.00 518.00 76.00
1833644.00 513.00 59.00
1835272.00 511.00 82.00
1836900.00 527.00 124.00
1838564.00 517.00 68.00
1840192.00 510.00 60.00
1841820.00 520.00 95.00
1843448.00 522.00 90.00
1845072.00 512.00 65.00
1846696.00 507.00 64.00
1848328.00 494.00 60.00
1849952.00 518.00 83.00
1851584.00 510.00 59.00
1853204.00 505.00 59.00
1854832.00 524.00 104.00
1856500.00 517.00 71.00
1858120.00 507.00 39.00
1859752.00 514.00 80.00
1861372.00 519.00 87.00
1863000.00 514.00 66.00
1864628.00 513.00 72.00
1866252.00 514.00 89.00
1867880.00 517.00 78.00
1869500.00 512.00 57.00
1871128.00 507.00 80.00
1872756.00 528.00 75.00
1874380.00 514.00 65.00
1876008.00 507.00 38.00
1877632.00 517.00 88.00
1879264.00 513.00 66.00
1880892.00 511.00 44.00
1882516.00 508.00 64.00
1884140.00 511.00 72.00
1885764.00 516.00 67.00
1887392.00 513.00 64.00
1889020.00 509.00 81.00
1890648.00 517.00 79.00
1892276.00 513.00 63.00
1893900.00 510.00 76.00
1895528.00 527.00 77.00
1897156.00 514.00 63.00
1898784.00 500.00 16.00
1900412.00 519.00 94.00
1902036.00 516.00 63.00
1903664.00 507.00 44.00
1905292.00 514.00 77.00
1906920.00 517.00 79.00
1908548.00 512.00 63.00
1910172.00 513.00 72.00
1911796.00 516.00 85.00
1913420.00 516.00 66.00
1915052.00 511.00 57.00
1916676.00 512.00 77.00
1918308.00 516.00 73.00
1919932.00 508.00 55.00
1921556.00 512.00 60.00
1923184.00 517.00 73.00
1924812.00 513.00 56.00
1926440.00 508.00 76.00
1928064.00 528.00 78.00
1929688.00 513.00 2.00
1931276.00 490.00 24.00
1932900.00 524.00 97.00
1934528.00 517.00 69.00
1936156.00 492.00 29.00
1937784.00 518.00 85.00
1939412.00 521.00 81.00
1941036.00 508.00 48.00
1942664.00 514.00 76.00
1944292.00 518.00 79.00
1945920.00 512.00 50.00
1947544.00 513.00 70.00
1949172.00 518.00 80.00
1950800.00 513.00 61.00
1952424.00 505.00 52.00
1954056.00 508.00 67.00
1955676.00 514.00 60.00
1957300.00 511.00 60.00
1958928.00 505.00 64.00
1960556.00 515.00 61.00
1962184.00 509.00 56.00
1963812.00 515.00 83.00
1965436.00 516.00 67.00
1967060.00 495.00 19.00
1968680.00 499.00 50.00
1970312.00 518.00 68.00
1971932.00 510.00 52.00
1973560.00 515.00 30.00
1975188.00 517.00 70.00
1976812.00 510.00 51.00
1978440.00 514.00 61.00
1980056.00 517.00 75.00
1981688.00 509.00 3.00
1983272.00 504.00 63.00
1984892.00 528.00 79.00
1986512.00 511.00 47.00
1988140.00 488.00 28.00
1989768.00 526.00 67.00
1991384.00 515.00 59.00
1993016.00 509.00 60.00
1994644.00 523.00 107.00
1996308.00 514.00 57.00
1997936.00 498.00 45.00
1999560.00 524.00 104.00
2001236.00 515.00 64.00
2002860.00 504.00 10.00
2004480.00 518.00 86.00
2006112.00 519.00 67.00
2007740.00 507.00 46.00
2009368.00 517.00 83.00
2010988.00 519.00 79.00
2012612.00 511.00 60.00
2014240.00 514.00 79.00
2015868.00 522.00 90.00
2017496.00 513.00 65.00
2019124.00 509.00 64.00
2020748.00 515.00 83.00
2022372.00 516.00 71.00
2023996.00 506.00 52.00
2025624.00 498.00 60.00
2027248.00 519.00 74.00
2028880.00 513.00 60.00
2030504.00 510.00 6.00
2032088.00 528.00 79.00
2033712.00 516.00 63.00
2035340.00 510.00 60.00
2036968.00 525.00 107.00
2038636.00 514.00 65.00
2040260.00 507.00 56.00
2041888.00 520.00 97.00
2043516.00 519.00 71.00
2045148.00 507.00 51.00
2046772.00 514.00 80.00
2048396.00 520.00 83.00
2050016.00 512.00 0.00
2051580.00 510.00 61.00
2053208.00 513.00 77.00
2054824.00 517.00 58.00
2056456.00 509.00 49.00
2058072.00 518.00 56.00
2059696.00 516.00 77.00
2061328.00 509.00 55.00
2062944.00 509.00 70.00
2064576.00 528.00 78.00
2066200.00 513.00 63.00
2067832.00 508.00 66.00
2069452.00 523.00 115.00
2071116.00 514.00 59.00
2072744.00 496.00 40.00
2074368.00 524.00 101.00
2076044.00 513.00 63.00
2077664.00 489.00 0.00
2079232.00 512.00 74.00
2080856.00 520.00 80.00
2082480.00 510.00 60.00
2084112.00 512.00 73.00
2085728.00 519.00 85.00
2087352.00 514.00 69.00
2088984.00 510.00 65.00
2090608.00 518.00 92.00
2092240.00 516.00 66.00
2093856.00 506.00 48.00
2095480.00 490.00 48.00
2097104.00 519.00 75.00
2098732.00 509.00 50.00
2100360.00 506.00 33.00
2101976.00 518.00 70.00
2103608.00 516.00 65.00
2105224.00 510.00 80.00
2106848.00 527.00 77.00
2108480.00 515.00 67.00
2110104.00 509.00 64.00
2111736.00 524.00 110.00
2113400.00 513.00 53.00
2115016.00 500.00 41.00
2116648.00 522.00 98.00
2118264.00 517.00 71.00
2119896.00 505.00 44.00
2121520.00 510.00 78.00
2123148.00 512.00 56.00
2124772.00 513.00 52.00
2126396.00 519.00 82.00
2128024.00 519.00 77.00
2129648.00 512.00 58.00
2131280.00 511.00 68.00
2132896.00 519.00 89.00
2134520.00 514.00 63.00
2136152.00 505.00 49.00
2137768.00 502.00 58.00
2139400.00 517.00 71.00
2141020.00 513.00 58.00
2142640.00 512.00 38.00
2144272.00 518.00 81.00
2145888.00 513.00 11.00
2147520.00 508.00 65.00
2149140.00 527.00 71.00
2150768.00 515.00 63.00
2152392.00 508.00 61.00
2154016.00 521.00 102.00
2155692.00 518.00 71.00
2157312.00 506.00 56.00
2158944.00 516.00 90.00
2160564.00 520.00 79.00
2162188.00 511.00 57.00
2163816.00 515.00 80.00
2165436.00 520.00 84.00
2167064.00 511.00 66.00
2168692.00 508.00 60.00
2170312.00 506.00 67.00
2171944.00 516.00 70.00
2173572.00 511.00 61.00
2175200.00 516.00 49.00
2176828.00 517.00 76.00
2178448.00 515.00 62.00
2180072.00 508.00 72.00
2181696.00 527.00 75.00
2183328.00 517.00 73.00
2184948.00 508.00 60.00
2186576.00 521.00 96.00
2188192.00 519.00 76.00
2189820.00 510.00 53.00
2191448.00 505.00 68.00
2193072.00 518.00 83.00
2194704.00 512.00 60.00
2196324.00 510.00 60.00
2197948.00 511.00 73.00
2199576.00 519.00 73.00
2201204.00 514.00 63.00
2202832.00 512.00 16.00
2204460.00 527.00 78.00
2206084.00 516.00 69.00
2207708.00 510.00 63.00
2209332.00 523.00 100.00
2211004.00 518.00 73.00
2212628.00 509.00 43.00
2214256.00 504.00 66.00
2215876.00 519.00 82.00
2217500.00 512.00 61.00
2219128.00 509.00 60.00
2220756.00 507.00 71.00
2222384.00 517.00 71.00
2224012.00 514.00 65.00
2225632.00 511.00 16.00
2227264.00 527.00 77.00
2228888.00 515.00 69.00
2230520.00 509.00 64.00
2232140.00 522.00 103.00
2233808.00 518.00 72.00
2235432.00 504.00 50.00
2237060.00 509.00 77.00
2238688.00 520.00 81.00
2240316.00 511.00 59.00
2241936.00 510.00 65.00
2243564.00 516.00 81.00
2245184.00 516.00 67.00
2246816.00 512.00 62.00
2248444.00 496.00 56.00
2250072.00 519.00 77.00
2251692.00 510.00 50.00
2253316.00 512.00 0.00
2254884.00 526.00 75.00
2256504.00 513.00 59.00
2258136.00 505.00 58.00
2259752.00 522.00 101.00
2261420.00 516.00 63.00
2263048.00 504.00 50.00
2264672.00 520.00 96.00
2266304.00 497.00 34.00
2267920.00 488.00 0.00
2269492.00 516.00 77.00
2271116.00 517.00 78.00
2272740.00 513.00 61.00
2274368.00 510.00 64.00
2275996.00 512.00 76.00
2277624.00 513.00 58.00
2279252.00 509.00 58.00
2280872.00 501.00 60.00
2282504.00 516.00 69.00
2284124.00 510.00 56.00
2285752.00 508.00 74.00
2287380.00 517.00 76.00
2289008.00 507.00 2.00
2290592.00 512.00 81.00
2292212.00 528.00 79.00
2293840.00 513.00 54.00
2295464.00 489.00 35.00
2297096.00 526.00 65.00
2298716.00 517.00 63.00
2300340.00 506.00 54.00
2301968.00 523.00 108.00
2303640.00 515.00 63.00
2305264.00 506.00 55.00
2306888.00 525.00 110.00
2308556.00 516.00 63.00
2310184.00 506.00 54.00
2311804.00 524.00 107.00
2313476.00 515.00 61.00
2315100.00 506.00 52.00
2316724.00 523.00 108.00
2318396.00 513.00 59.00
2320020.00 508.00 52.00
2321648.00 526.00 114.00
2323308.00 514.00 59.00
2324928.00 506.00 56.00
2326560.00 525.00 73.00
2328176.00 513.00 54.00
2329808.00 507.00 54.00
2331424.00 523.00 108.00
2333092.00 512.00 50.00
2334716.00 500.00 48.00
2336348.00 527.00 74.00
2337976.00 514.00 59.00
2339596.00 508.00 59.00
2341224.00 524.00 110.00
2342892.00 513.00 54.00
2344512.00 507.00 56.00
2346144.00 525.00 72.00
2347772.00 513.00 63.00
2349400.00 505.00 50.00
2351028.00 526.00 111.00
2352696.00 516.00 63.00
2354320.00 509.00 59.00
2355948.00 524.00 112.00
2357620.00 495.00 5.00
2359200.00 505.00 51.00
2360816.00 521.00 97.00
2362448.00 505.00 0.00
2364008.00 494.00 26.00
2365632.00 520.00 88.00
2367252.00 516.00 70.00
2368880.00 510.00 9.00
2370464.00 494.00 28.00
2372084.00 509.00 68.00
2373712.00 516.00 61.00
2375332.00 508.00 51.00
2376960.00 494.00 57.00
2378584.00 519.00 78.00
2380212.00 511.00 55.00
2381840.00 511.00 74.00
2383468.00 525.00 74.00
2385096.00 514.00 59.00
2386724.00 506.00 58.00
2388344.00 521.00 101.00
2390012.00 516.00 63.00
2391644.00 508.00 51.00
2393272.00 517.00 84.00
2394900.00 518.00 78.00
2396528.00 510.00 55.00
2398156.00 509.00 70.00
2399780.00 514.00 74.00
2401412.00 515.00 63.00
2403032.00 511.00 62.00
2404664.00 512.00 79.00
2406292.00 517.00 77.00
2407916.00 511.00 58.00
2409544.00 514.00 41.00
2411172.00 528.00 79.00
2412800.00 510.00 57.00
2414424.00 486.00 26.00
2416048.00 521.00 106.00
2417724.00 517.00 65.00
2419348.00 504.00 47.00
2420976.00 516.00 85.00
2422596.00 518.00 72.00
2424220.00 512.00 53.00
2425844.00 516.00 83.00
2427468.00 521.00 94.00
2429096.00 514.00 67.00
2430724.00 505.00 54.00
2432352.00 504.00 69.00
2433976.00 517.00 79.00
2435604.00 510.00 51.00
2437232.00 508.00 76.00
2438860.00 528.00 79.00
2440488.00 516.00 66.00
2442112.00 505.00 56.00
2443740.00 523.00 102.00
2445412.00 493.00 38.00
2447036.00 511.00 53.00
2448664.00 519.00 91.00
2450292.00 524.00 91.00
2451916.00 512.00 63.00
2453544.00 513.00 76.00
2455172.00 517.00 88.00
2456800.00 514.00 70.00
2458428.00 507.00 50.00
2460048.00 507.00 64.00
2461672.00 518.00 76.00
2463300.00 512.00 58.00
2464928.00 498.00 63.00
2466552.00 527.00 72.00
2468184.00 516.00 158.00
2469852.00 510.00 59.00
2471472.00 523.00 101.00
2473148.00 518.00 71.00
2474772.00 508.00 54.00
2476400.00 518.00 88.00
2478028.00 522.00 89.00
2479652.00 510.00 55.00
2481280.00 511.00 71.00
2482904.00 517.00 85.00
2484536.00 516.00 69.00
2486160.00 512.00 64.00
2487788.00 495.00 58.00
2489416.00 518.00 79.00
2491036.00 491.00 0.00
2492608.00 510.00 64.00
2494228.00 525.00 111.00
2495900.00 517.00 70.00
2497524.00 508.00 60.00
2499148.00 519.00 92.00
2500776.00 520.00 99.00
2502404.00 510.00 58.00
2504032.00 511.00 70.00
2505652.00 515.00 82.00
2507276.00 517.00 73.00
2508904.00 511.00 66.00
2510528.00 514.00 68.00
2512160.00 516.00 82.00
2513784.00 511.00 63.00
2515412.00 507.00 58.00
2517040.00 522.00 100.00
2518712.00 518.00 75.00
2520340.00 509.00 52.00
2521960.00 516.00 87.00
2523588.00 522.00 97.00
2525216.00 513.00 66.00
2526844.00 509.00 60.00
2528472.00 511.00 77.00
2530100.00 517.00 79.00
2531724.00 515.00 67.00
2533348.00 500.00 52.00
2534972.00 522.00 101.00
2536644.00 518.00 73.00
2538268.00 511.00 65.00
2539896.00 516.00 86.00
2541524.00 521.00 94.00
2543148.00 516.00 73.00
2544776.00 506.00 55.00
2546404.00 513.00 66.00
2548032.00 518.00 83.00
2549660.00 513.00 62.00
2551284.00 511.00 67.00
2552912.00 521.00 102.00
2554584.00 519.00 77.00
2556208.00 508.00 54.00
2557836.00 512.00 81.00
2559460.00 517.00 81.00
2561092.00 514.00 70.00
2562712.00 511.00 64.00
2564344.00 498.00 61.00
2565960.00 517.00 82.00
2567584.00 513.00 61.00
2569208.00 510.00 64.00
2570832.00 525.00 111.00
2572508.00 516.00 70.00
2574132.00 508.00 57.00
2575752.00 518.00 86.00
2577380.00 520.00 86.00
2579000.00 511.00 59.00
2580632.00 509.00 64.00
2582256.00 512.00 76.00
2583888.00 517.00 73.00
2585516.00 512.00 59.00
2587140.00 507.00 16.00
2588768.00 527.00 79.00
2590388.00 502.00 40.00
2592016.00 494.00 32.00
2593640.00 521.00 91.00
2595264.00 520.00 82.00
2596896.00 513.00 66.00
2598516.00 511.00 70.00
2600144.00 512.00 83.00
2601768.00 516.00 73.00
2603396.00 512.00 62.00
2605020.00 481.00 8.00
2606600.00 521.00 98.00
2608224.00 521.00 76.00
2609852.00 510.00 35.00
2611480.00 513.00 72.00
2613108.00 492.00 6.00
2614688.00 521.00 77.00
2616308.00 514.00 64.00
2617932.00 512.00 80.00
2619560.00 525.00 74.00
2621188.00 517.00 72.00
2622816.00 508.00 56.00
2624440.00 520.00 96.00
2626064.00 522.00 88.00
2627696.00 510.00 59.00
2629312.00 500.00 53.00
2630944.00 509.00 71.00
2632560.00 519.00 74.00
2634184.00 489.00 8.00
2635768.00 485.00 0.00
2637328.00 529.00 77.00
2638952.00 518.00 71.00
2640572.00 506.00 56.00
2642200.00 518.00 88.00
2643816.00 518.00 76.00
2645440.00 513.00 63.00
2647072.00 512.00 73.00
2648688.00 515.00 79.00
2650320.00 514.00 62.00
2651936.00 488.00 4.00
2653520.00 500.00 13.00
2655136.00 520.00 83.00
2656764.00 515.00 58.00
2658392.00 511.00 66.00
2660012.00 525.00 111.00
2661684.00 514.00 63.00
2663308.00 508.00 56.00
2664928.00 518.00 90.00
2666560.00 520.00 79.00
2668176.00 513.00 54.00
2669808.00 514.00 76.00
2671424.00 513.00 72.00
2673052.00 513.00 208.00
2674724.00 498.00 44.00
2676344.00 506.00 70.00
2677976.00 516.00 69.00
2679592.00 508.00 54.00
2681220.00 516.00 74.00
2682844.00 517.00 75.00
2684468.00 507.00 49.00
2686096.00 509.00 72.00
2687712.00 524.00 74.00
2689344.00 514.00 57.00
2690968.00 507.00 56.00
2692592.00 523.00 100.00
2694268.00 516.00 66.00
2695892.00 486.00 0.00
2697460.00 518.00 90.00
2699084.00 518.00 86.00
2700708.00 513.00 68.00
2702332.00 512.00 73.00
2703964.00 517.00 87.00
2705592.00 515.00 70.00
2707212.00 507.00 58.00
2708840.00 509.00 80.00
2710456.00 517.00 78.00
2712084.00 509.00 54.00
2713712.00 511.00 82.00
2715328.00 528.00 79.00
2716960.00 514.00 63.00
2718576.00 508.00 62.00
2720204.00 522.00 110.00
2721876.00 516.00 70.00
2723500.00 508.00 57.00
2725128.00 520.00 96.00
2726744.00 519.00 75.00
2728368.00 512.00 57.00
2730000.00 514.00 80.00
2731616.00 521.00 83.00
2733248.00 512.00 60.00
2734864.00 508.00 66.00
2736496.00 513.00 75.00
2738124.00 515.00 67.00
2739748.00 485.00 8.00
2741332.00 492.00 44.00
2742952.00 520.00 75.00
2744584.00 516.00 65.00
2746208.00 511.00 74.00
2747836.00 524.00 77.00
2749464.00 517.00 71.00
2751092.00 509.00 56.00
2752720.00 521.00 96.00
2754344.00 521.00 86.00
2755972.00 511.00 60.00
2757596.00 503.00 58.00
2759220.00 504.00 55.00
2760848.00 518.00 70.00
2762468.00 510.00 57.00
2764096.00 517.00 56.00
2765716.00 516.00 76.00
2767340.00 514.00 65.00
2768968.00 508.00 67.00
2770592.00 523.00 113.00
2772268.00 516.00 66.00
2773892.00 508.00 54.00
2775516.00 519.00 92.00
2777144.00 521.00 84.00
2778772.00 510.00 54.00
2780400.00 511.00 69.00
2782028.00 518.00 82.00
2783652.00 517.00 73.00
2785276.00 508.00 54.00
2786908.00 498.00 46.00
2788536.00 520.00 75.00
2790156.00 519.00 72.00
2791784.00 509.00 64.00
2793412.00 520.00 98.00
2795036.00 520.00 81.00
2796664.00 509.00 61.00
2798292.00 515.00 86.00
2799920.00 522.00 92.00
2801548.00 513.00 68.00
2803172.00 497.00 46.00
2804800.00 500.00 57.00
2806424.00 519.00 78.00
2808056.00 510.00 47.00
2809672.00 508.00 28.00
2811296.00 528.00 76.00
2812924.00 515.00 64.00
2814556.00 507.00 61.00
2816184.00 522.00 103.00
2817852.00 518.00 69.00
2819472.00 507.00 53.00
2821096.00 520.00 97.00
2822724.00 520.00 79.00
2824352.00 509.00 51.00
2825968.00 513.00 76.00
2827600.00 519.00 84.00
2829224.00 513.00 62.00
2830848.00 507.00 61.00
2832480.00 518.00 86.00
2834096.00 514.00 65.00
2835728.00 510.00 60.00
2837356.00 506.00 69.00
2838980.00 517.00 72.00
2840608.00 514.00 60.00
2842236.00 515.00 65.00
2843864.00 518.00 76.00
2845492.00 511.00 57.00
2847116.00 512.00 88.00
2848740.00 528.00 78.00
2850364.00 514.00 64.00
2851992.00 507.00 62.00
2853620.00 523.00 112.00
2855292.00 516.00 66.00
2856916.00 507.00 57.00
2858540.00 524.00 103.00
2860212.00 516.00 67.00
2861836.00 504.00 47.00
2863464.00 518.00 89.00
2865092.00 519.00 75.00
2866716.00 510.00 54.00
2868344.00 515.00 80.00
2869968.00 521.00 85.00
2871600.00 511.00 61.00
2873220.00 514.00 74.00
2874844.00 522.00 90.00
2876472.00 514.00 65.00
2878100.00 509.00 58.00
2879728.00 510.00 78.00
2881348.00 516.00 75.00
2882968.00 510.00 52.00
2884592.00 500.00 56.00
2886216.00 528.00 75.00
2887848.00 516.00 66.00
2889472.00 508.00 61.00
2891104.00 523.00 97.00
2892724.00 521.00 81.00
2894348.00 512.00 63.00
2895976.00 515.00 86.00
2897596.00 520.00 93.00
2899224.00 515.00 69.00
2900848.00 506.00 50.00
2902472.00 517.00 66.00
2904104.00 517.00 80.00
2905732.00 513.00 65.00
2907360.00 507.00 58.00
2908988.00 521.00 103.00
2910652.00 520.00 76.00
2912280.00 508.00 53.00
2913904.00 512.00 76.00
2915536.00 520.00 83.00
2917164.00 512.00 63.00
2918788.00 512.00 73.00
2920412.00 511.00 84.00
2922032.00 517.00 81.00
2923664.00 506.00 0.00
2925232.00 509.00 65.00
2926856.00 525.00 110.00
2928524.00 518.00 74.00
2930148.00 507.00 31.00
2931776.00 503.00 64.00
2933404.00 516.00 75.00
2935032.00 514.00 69.00
2936660.00 510.00 59.00
2938284.00 512.00 80.00
2939912.00 516.00 72.00
2941540.00 512.00 58.00
2943168.00 509.00 72.00
2944796.00 526.00 76.00
2946424.00 517.00 71.00
2948052.00 508.00 58.00
2949672.00 520.00 97.00
2951304.00 520.00 74.00
2952924.00 510.00 57.00
2954552.00 505.00 64.00
2956172.00 518.00 80.00
2957796.00 514.00 63.00
2959424.00 499.00 48.00
2961048.00 493.00 44.00
2962680.00 518.00 72.00
2964300.00 516.00 64.00
2965924.00 513.00 41.00
2967544.00 528.00 75.00
2969172.00 516.00 65.00
2970800.00 509.00 64.00
2972424.00 524.00 103.00
2974100.00 514.00 63.00
2975720.00 501.00 46.00
2977348.00 522.00 94.00
2978976.00 520.00 78.00
2980596.00 508.00 50.00
2982224.00 514.00 74.00
2983844.00 516.00 62.00
2985464.00 513.00 59.00
2987096.00 514.00 70.00
2988724.00 513.00 78.00
2990352.00 514.00 62.00
2991980.00 511.00 64.00
2993604.00 515.00 80.00
2995232.00 517.00 73.00
2996852.00 508.00 52.00
2998480.00 495.00 58.00
3000096.00 518.00 73.00
3001728.00 492.00 293.00
3003404.00 485.00 473.00
3005080.00 491.00 335.00
3006756.00 496.00 300.00
3008432.00 502.00 442.00
3010100.00 506.00 428.00
3011780.00 507.00 322.00
3013456.00 507.00 356.00
3015128.00 507.00 499.00
3016804.00 507.00 443.00
3018480.00 507.00 349.00
3020156.00 507.00 365.00
3021836.00 509.00 447.00
3023512.00 508.00 537.00
3025188.00 507.00 490.00
3026864.00 508.00 413.00
3028536.00 507.00 395.00
3030212.00 507.00 398.00
3031888.00 507.00 433.00
3033560.00 508.00 483.00
3035236.00 508.00 547.00
3036912.00 507.00 567.00
3038588.00 507.00 604.00
3040268.00 508.00 539.00
3041944.00 507.00 522.00
3043620.00 508.00 499.00
3045296.00 507.00 483.00
3046968.00 508.00 475.00
3048644.00 508.00 468.00
3050320.00 507.00 480.00
3051992.00 507.00 473.00
3053668.00 508.00 490.00
3055344.00 507.00 496.00
3057020.00 507.00 511.00
3058700.00 508.00 532.00
3060376.00 508.00 558.00
3062052.00 508.00 583.00
3063728.00 507.00 604.00
3065400.00 507.00 654.00
3067076.00 508.00 638.00
3068752.00 507.00 622.00
3070424.00 508.00 583.00
3072112.00 508.00 555.00
3073780.00 508.00 521.00
3075460.00 508.00 529.00
3077140.00 508.00 532.00
3078812.00 507.00 565.00
3080492.00 507.00 624.00
3082164.00 507.00 654.00
3083836.00 508.00 644.00
3085516.00 508.00 583.00
3087192.00 508.00 556.00
3088864.00 508.00 550.00
3090540.00 507.00 582.00
3092216.00 508.00 713.00
3093892.00 508.00 679.00
3095572.00 507.00 628.00
3097248.00 507.00 564.00
3098924.00 507.00 571.00
3100600.00 507.00 611.00
3102272.00 508.00 666.00
3103948.00 507.00 666.00
3105624.00 508.00 583.00
3107296.00 507.00 581.00
3108972.00 507.00 605.00
3110648.00 508.00 675.00
3112324.00 507.00 672.00
3114004.00 507.00 585.00
3115680.00 508.00 587.00
3117356.00 507.00 641.00
3119032.00 507.00 696.00
3120704.00 507.00 648.00
3122380.00 507.00 593.00
3124056.00 508.00 622.00
3125724.00 507.00 727.00
3127404.00 508.00 662.00
3129080.00 508.00 608.00
3130756.00 507.00 617.00
3132436.00 508.00 696.00
3134112.00 507.00 678.00
3135788.00 507.00 609.00
3137464.00 508.00 636.00
3139136.00 507.00 730.00
3140812.00 508.00 653.00
3142484.00 508.00 620.00
3144160.00 508.00 671.00
3145836.00 507.00 730.00
3147512.00 508.00 637.00
3149192.00 508.00 628.00
3150868.00 508.00 711.00
3152544.00 508.00 687.00
3154220.00 507.00 631.00
3155896.00 508.00 685.00
3157568.00 508.00 719.00
3159244.00 508.00 638.00
3160920.00 508.00 673.00
3162592.00 507.00 737.00
3164268.00 508.00 648.00
3165944.00 508.00 673.00
3167620.00 508.00 748.00
3169300.00 508.00 654.00
3170976.00 507.00 680.00
3172652.00 507.00 749.00
3174328.00 508.00 662.00
3176000.00 508.00 707.00
3177676.00 508.00 739.00
3179352.00 507.00 670.00
3181024.00 508.00 739.00
3182700.00 508.00 718.00
3184376.00 507.00 684.00
3186052.00 508.00 766.00
3187732.00 508.00 691.00
3189408.00 508.00 738.00
3191084.00 508.00 734.00
3192760.00 508.00 703.00
3194432.00 508.00 780.00
3196112.00 508.00 702.00
3197784.00 507.00 769.00
3199456.00 507.00 726.00
3201136.00 508.00 749.00
3202804.00 507.00 751.00
3204484.00 508.00 731.00
3206164.00 508.00 787.00
3207836.00 507.00 730.00
3209516.00 508.00 810.00
3211192.00 508.00 738.00
3212864.00 508.00 810.00
3214540.00 507.00 742.00
3216216.00 508.00 817.00
3217884.00 508.00 752.00
3219564.00 508.00 820.00
3221236.00 508.00 759.00
3222916.00 507.00 833.00
3224596.00 508.00 768.00
3226272.00 508.00 815.00
3227948.00 508.00 785.00
3229624.00 508.00 796.00
3231296.00 509.00 815.00
3232972.00 508.00 787.00
3234648.00 508.00 855.00
3236316.00 508.00 789.00
3237996.00 507.00 848.00
3239672.00 507.00 808.00
3241348.00 507.00 817.00
3243028.00 507.00 875.00
3244704.00 507.00 805.00
3246380.00 508.00 848.00
3248056.00 508.00 826.00
3249724.00 507.00 824.00
3251404.00 508.00 875.00
3253076.00 508.00 823.00
3254752.00 507.00 843.00
3256428.00 507.00 866.00
3258100.00 508.00 833.00
3259780.00 508.00 863.00
3261460.00 508.00 871.00
3263136.00 508.00 842.00
3264812.00 508.00 866.00
3266484.00 508.00 880.00
3268160.00 508.00 853.00
3269836.00 507.00 871.00
3271512.00 508.00 904.00
3273184.00 507.00 865.00
3274860.00 508.00 864.00
3276536.00 508.00 909.00
3278216.00 509.00 890.00
3279892.00 508.00 877.00
3281564.00 507.00 891.00
3283244.00 508.00 916.00
3284916.00 507.00 898.00
3286588.00 508.00 890.00
3288268.00 509.00 901.00
3289940.00 507.00 924.00
3291612.00 508.00 915.00
3293292.00 508.00 906.00
3294964.00 507.00 910.00
3296644.00 508.00 928.00
3298324.00 508.00 942.00
3299996.00 508.00 927.00
3301676.00 508.00 922.00
3303352.00 508.00 926.00
3305020.00 508.00 936.00
3306700.00 508.00 949.00
3308376.00 508.00 946.00
3310044.00 507.00 941.00
3311724.00 507.00 940.00
3313400.00 508.00 944.00
3315076.00 508.00 951.00
3316756.00 507.00 959.00
3318432.00 507.00 966.00
3320108.00 508.00 962.00
3321780.00 507.00 963.00
3323452.00 508.00 964.00
3325132.00 508.00 967.00
3326804.00 507.00 970.00
3328480.00 507.00 974.00
3330152.00 508.00 976.00
3331828.00 508.00 983.00
3333508.00 508.00 981.00
3335188.00 508.00 984.00
3336860.00 508.00 989.00
3338540.00 507.00 995.00
3340212.00 507.00 1001.00
3341928.00 509.00 1006.00
3343656.00 508.00 1009.00
3345368.00 507.00 1011.00
3347088.00 508.00 1012.00
3348816.00 508.00 1015.00
3350536.00 508.00 1017.00
3352248.00 508.00 1019.00
3353976.00 509.00 1022.00
3355696.00 508.00 1023.00
3357408.00 508.00 1023.00
3359136.00 508.00 1023.00
3360856.00 508.00 1022.00
3362568.00 508.00 1023.00
3364284.00 508.00 1023.00
3366008.00 508.00 1023.00
3367720.00 507.00 1023.00
3369440.00 508.00 1023.00
3371168.00 507.00 1023.00
3372880.00 508.00 1023.00
3374600.00 509.00 1023.00
3376328.00 507.00 1023.00
3378040.00 508.00 1022.00
3379760.00 507.00 1023.00
3381488.00 508.00 1023.00
3383200.00 508.00 1023.00
3384920.00 508.00 1023.00
3386648.00 507.00 1023.00
3388360.00 507.00 1023.00
3390080.00 508.00 1023.00
3391808.00 508.00 1023.00
3393524.00 508.00 1023.00
3395240.00 508.00 1023.00
3396968.00 507.00 1023.00
3398688.00 508.00 1023.00
3400400.00 507.00 1023.00
3402128.00 508.00 1023.00
3403848.00 507.00 1023.00
3405560.00 508.00 1023.00
3407288.00 508.00 1023.00
3409008.00 508.00 1023.00
3410720.00 509.00 1023.00
3412440.00 507.00 1023.00
3414168.00 508.00 1023.00
3415880.00 508.00 1023.00
3417600.00 507.00 1023.00
3419328.00 507.00 1023.00
3421040.00 507.00 1023.00
3422760.00 508.00 1023.00
3424488.00 507.00 1023.00
3426200.00 509.00 1023.00
3427920.00 508.00 1023.00
3429648.00 507.00 1023.00
3431360.00 508.00 1023.00
3433080.00 508.00 1023.00
3434808.00 508.00 1023.00
3436520.00 508.00 1023.00
3438240.00 508.00 1023.00
3439968.00 508.00 1023.00
3441688.00 507.00 1023.00
3443408.00 509.00 1023.00
3445136.00 507.00 1023.00
3446856.00 508.00 1023.00
3448568.00 508.00 1023.00
3450296.00 508.00 1023.00
3452016.00 508.00 1023.00
3453728.00 508.00 1023.00
3455448.00 509.00 1023.00
3457176.00 507.00 1023.00
3458896.00 509.00 1023.00
3460616.00 508.00 1023.00
3462344.00 507.00 1023.00
3464056.00 507.00 1023.00
3465776.00 508.00 1023.00
3467504.00 508.00 1023.00
3469220.00 508.00 1023.00
3470936.00 508.00 1023.00
3472664.00 508.00 1023.00
3474376.00 508.00 1023.00
3476096.00 508.00 1023.00
3477824.00 508.00 1023.00
3479536.00 507.00 1023.00
3481260.00 508.00 1023.00
3482984.00 507.00 1023.00
3484712.00 508.00 1023.00
3486424.00 507.00 1023.00
3488152.00 508.00 1023.00
3489872.00 507.00 1023.00
3491584.00 508.00 1023.00
3493312.00 508.00 1023.00
3495032.00 507.00 1023.00
3496744.00 507.00 1023.00
3498464.00 507.00 1023.00
3500192.00 508.00 1023.00
3501904.00 508.00 1023.00
3503628.00 508.00 1023.00
3505352.00 508.00 1023.00
3507068.00 508.00 1023.00
3508788.00 508.00 1023.00
3510512.00 508.00 1023.00
3512236.00 508.00 1023.00
3513956.00 508.00 1023.00
3515680.00 508.00 1023.00
3517404.00 507.00 1023.00
3519124.00 507.00 1023.00
3520848.00 508.00 1023.00
3522576.00 509.00 1023.00
3524288.00 509.00 1023.00
3526008.00 508.00 1023.00
3527728.00 508.00 1023.00
3529440.00 507.00 1023.00
3531168.00 508.00 1023.00
3532888.00 508.00 1023.00
3534608.00 508.00 1023.00
3536328.00 508.00 1023.00
3538048.00 509.00 1023.00
3539760.00 508.00 1023.00
3541480.00 508.00 1023.00
3543208.00 508.00 1023.00
3544920.00 507.00 1023.00
3546640.00 508.00 1023.00
3548368.00 507.00 1023.00
3550080.00 508.00 1023.00
3551800.00 508.00 1023.00
3553528.00 508.00 1023.00
3555248.00 508.00 1023.00
3556968.00 507.00 1023.00
3558696.00 508.00 1023.00
3560408.00 508.00 1023.00
3562128.00 507.00 1023.00
3563856.00 507.00 1023.00
3565576.00 508.00 1023.00
3567288.00 508.00 1023.00
3569016.00 508.00 1023.00
3570736.00 508.00 1022.00
3572452.00 508.00 1023.00
3574176.00 508.00 1023.00
3575904.00 507.00 1023.00
3577628.00 508.00 1023.00
3579352.00 508.00 1023.00
3581072.00 507.00 1023.00
3582796.00 508.00 1023.00
3584516.00 508.00 1023.00
3586240.00 508.00 1023.00
3587952.00 507.00 1023.00
3589672.00 507.00 1023.00
3591400.00 508.00 1023.00
3593112.00 508.00 1023.00
3594836.00 508.00 1023.00
3596560.00 508.00 1022.00
3598276.00 507.00 1023.00
3599992.00 508.00 1023.00
3601720.00 508.00 1023.00
3603440.00 508.00 1023.00
3605160.00 507.00 1023.00
3606888.00 508.00 1023.00
3608608.00 508.00 1023.00
3610320.00 508.00 1023.00
3612048.00 508.00 1023.00
3613768.00 508.00 1023.00
3615480.00 508.00 1023.00
3617208.00 508.00 1023.00
3618928.00 507.00 1023.00
3620640.00 507.00 1023.00
3622360.00 508.00 1023.00
3624088.00 507.00 1023.00
3625808.00 509.00 1023.00
3627528.00 509.00 1023.00
3629256.00 507.00 1023.00
3630968.00 507.00 1023.00
3632688.00 509.00 1023.00
3634416.00 507.00 1023.00
3636128.00 508.00 1023.00
3637848.00 507.00 1023.00
3639576.00 508.00 1023.00
3641292.00 508.00 1023.00
3643008.00 508.00 1023.00
3644736.00 507.00 1023.00
3646452.00 507.00 1023.00
3648168.00 509.00 1023.00
3649896.00 508.00 1023.00
3651616.00 508.00 1023.00
3653328.00 508.00 1023.00
3655056.00 508.00 1023.00
3656776.00 507.00 1023.00
3658488.00 508.00 1023.00
3660216.00 508.00 1023.00
3661936.00 508.00 1023.00
3663648.00 508.00 1023.00
3665368.00 508.00 1023.00
3667096.00 508.00 1023.00
3668812.00 508.00 1023.00
3670528.00 508.00 1023.00
3672256.00 508.00 1023.00
3673972.00 508.00 1023.00
3675692.00 508.00 1023.00
3677416.00 507.00 1023.00
3679140.00 507.00 1023.00
3680860.00 508.00 1023.00
3682584.00 507.00 1023.00
3684296.00 508.00 1023.00
3686020.00 508.00 1023.00
3687744.00 508.00 1023.00
3689464.00 508.00 1023.00
3691184.00 507.00 1023.00
3692912.00 508.00 1023.00
3694632.00 507.00 1023.00
3696344.00 507.00 1023.00
3698072.00 508.00 1023.00
3699792.00 507.00 1023.00
3701504.00 508.00 1023.00
3703232.00 507.00 1023.00
3704952.00 508.00 1022.00
3706668.00 507.00 1023.00
3708388.00 508.00 1023.00
3710112.00 508.00 1023.00
3711828.00 507.00 1023.00
3713548.00 508.00 1022.00
3715272.00 508.00 1023.00
3716984.00 507.00 1023.00
3718704.00 508.00 1023.00
3720432.00 508.00 1023.00
3722144.00 508.00 1023.00
3723868.00 507.00 1023.00
3725592.00 509.00 1023.00
3727308.00 508.00 1023.00
3729028.00 508.00 1023.00
3730752.00 508.00 1023.00
3732468.00 508.00 1023.00
3734188.00 508.00 1023.00
3735912.00 507.00 1023.00
3737640.00 508.00 1023.00
3739360.00 507.00 1023.00
3741088.00 508.00 1023.00
3742808.00 508.00 1023.00
3744520.00 508.00 1023.00
3746248.00 508.00 1023.00
3747968.00 507.00 1023.00
3749680.00 508.00 1023.00
3751400.00 508.00 1023.00
3753128.00 508.00 1023.00
3754848.00 508.00 1023.00
3756572.00 508.00 1023.00
3758296.00 507.00 1023.00
3760020.00 507.00 1023.00
3761736.00 507.00 1023.00
3763464.00 508.00 1023.00
3765184.00 508.00 1023.00
3766908.00 507.00 1023.00
3768632.00 508.00 1023.00
3770352.00 508.00 1023.00
3772072.00 508.00 1023.00
3773800.00 508.00 1023.00
3775520.00 507.00 1023.00
3777236.00 508.00 1023.00
3778960.00 507.00 1023.00
3780680.00 508.00 1023.00
3782392.00 508.00 1023.00
3784120.00 507.00 1023.00
3785848.00 508.00 1023.00
3787564.00 508.00 1023.00
3789284.00 508.00 1023.00
3791008.00 508.00 1023.00
3792724.00 508.00 1023.00
3794440.00 507.00 1023.00
3796168.00 509.00 1023.00
3797880.00 507.00 1023.00
3799604.00 508.00 1023.00
3801328.00 508.00 1023.00
3803052.00 507.00 1023.00
3804772.00 508.00 1023.00
3806496.00 508.00 1023.00
3808220.00 508.00 1023.00
3809936.00 508.00 1023.00
3811664.00 507.00 1023.00
3813384.00 508.00 1023.00
3815108.00 508.00 1023.00
3816832.00 508.00 1023.00
3818560.00 507.00 1023.00
3820280.00 507.00 1023.00
3822008.00 508.00 1023.00
3823736.00 507.00 1023.00
3825460.00 508.00 1023.00
3827180.00 508.00 1023.00
3828904.00 507.00 1023.00
3830628.00 508.00 1023.00
3832348.00 508.00 1023.00
3834072.00 507.00 1023.00
3835796.00 508.00 1023.00
3837516.00 507.00 1023.00
3839240.00 508.00 1023.00
3840964.00 508.00 1023.00
3842680.00 507.00 1023.00
3844400.00 507.00 1023.00
3846112.00 507.00 1023.00
3847832.00 507.00 1023.00
3849560.00 508.00 1023.00
3851280.00 509.00 1023.00
3853000.00 508.00 1023.00
3854728.00 507.00 1023.00
3856448.00 508.00 1023.00
3858160.00 507.00 1023.00
3859888.00 508.00 1023.00
3861608.00 509.00 1023.00
3863320.00 508.00 1023.00
3865048.00 507.00 1023.00
3866768.00 508.00 1023.00
3868480.00 508.00 1023.00
3870200.00 508.00 1023.00
3871928.00 508.00 1023.00
3873652.00 508.00 1023.00
3875368.00 509.00 1023.00
3877096.00 508.00 1023.00
3878812.00 507.00 1023.00
3880528.00 507.00 1023.00
3882256.00 507.00 1023.00
3883968.00 508.00 1023.00
3885692.00 508.00 1023.00
3887416.00 507.00 1023.00
3889140.00 508.00 1023.00
3890860.00 507.00 1023.00
3892584.00 508.00 1023.00
3894312.00 508.00 1023.00
3896028.00 508.00 1023.00
3897752.00 508.00 1023.00
3899472.00 508.00 1022.00
3901188.00 508.00 1023.00
3902912.00 508.00 1023.00
3904640.00 507.00 1023.00
3906360.00 508.00 1023.00
3908084.00 508.00 1023.00
3909808.00 508.00 1023.00
3911520.00 507.00 1023.00
3913244.00 507.00 1023.00
3914968.00 508.00 1023.00
3916684.00 508.00 1023.00
3918404.00 508.00 1023.00
3920128.00 507.00 1023.00
3921840.00 508.00 1023.00
3923564.00 508.00 1023.00
3925288.00 508.00 1023.00
3927004.00 509.00 1023.00
3928724.00 507.00 1023.00
3930448.00 508.00 1023.00
3932176.00 508.00 1023.00
3933888.00 508.00 1023.00
3935616.00 508.00 1023.00
3937336.00 508.00 1023.00
3939048.00 507.00 1023.00
3940776.00 508.00 1023.00
3942496.00 508.00 1022.00
3944208.00 508.00 1023.00
3945936.00 507.00 1023.00
3947656.00 508.00 1023.00
3949368.00 508.00 1023.00
3951088.00 507.00 1023.00
3952816.00 508.00 1023.00
3954536.00 509.00 1023.00
3956260.00 508.00 1023.00
3957984.00 507.00 1023.00
3959700.00 507.00 1023.00
3961420.00 507.00 1023.00
3963144.00 508.00 1023.00
3964868.00 507.00 1023.00
3966584.00 508.00 1023.00
3968312.00 508.00 1023.00
3970032.00 508.00 1023.00
3971752.00 507.00 1023.00
3973480.00 508.00 1023.00
3975208.00 508.00 1023.00
3976920.00 507.00 1023.00
3978648.00 507.00 1023.00
3980368.00 508.00 1023.00
3982084.00 508.00 1023.00
3983808.00 507.00 1023.00
3985528.00 508.00 1023.00
3987252.00 508.00 1023.00
3988968.00 507.00 1023.00
3990696.00 507.00 1023.00
3992412.00 507.00 1023.00
3994132.00 508.00 1023.00
3995856.00 508.00 1023.00
3997572.00 507.00 1023.00
3999292.00 508.00 1023.00
4001016.00 507.00 1023.00
END
