166120.00 506.00 Start

time_(μs) raw_current raw_low_voltage
316.00 508.00 1023.00
1968.00 512.00 1023.00
3572.00 505.00 1023.00
5180.00 508.00 1022.00
6780.00 510.00 1023.00
8388.00 508.00 1023.00
9988.00 509.00 1023.00
11596.00 509.00 1023.00
13240.00 508.00 1023.00
14888.00 508.00 1023.00
16544.00 512.00 1023.00
18184.00 506.00 1023.00
19840.00 509.00 1023.00
21480.00 508.00 1023.00
23128.00 508.00 1023.00
24784.00 509.00 1023.00
26424.00 507.00 1023.00
28072.00 507.00 1023.00
29720.00 510.00 1023.00
31360.00 510.00 1023.00
33016.00 507.00 1023.00
34656.00 509.00 1023.00
36304.00 507.00 1023.00
37960.00 507.00 1023.00
39604.00 508.00 1023.00
41256.00 508.00 1023.00
42896.00 506.00 1023.00
44544.00 506.00 1023.00
46200.00 510.00 1023.00
47840.00 505.00 1023.00
49496.00 509.00 1023.00
51140.00 507.00 1023.00
52788.00 507.00 1023.00
54440.00 508.00 1023.00
56080.00 506.00 1023.00
57736.00 507.00 1023.00
59376.00 508.00 1023.00
61028.00 506.00 1023.00
62680.00 512.00 1023.00
64332.00 511.00 1023.00
65976.00 510.00 1023.00
67636.00 511.00 1023.00
69284.00 506.00 1023.00
70936.00 507.00 1023.00
72588.00 508.00 1023.00
74236.00 507.00 1023.00
75892.00 509.00 1023.00
77540.00 505.00 1023.00
79196.00 507.00 1022.00
80844.00 510.00 1023.00
82492.00 507.00 1023.00
84144.00 507.00 1023.00
85796.00 507.00 1023.00
87444.00 509.00 1023.00
89096.00 506.00 1023.00
90748.00 507.00 1023.00
92404.00 507.00 1023.00
94052.00 509.00 1023.00
95700.00 507.00 1023.00
97356.00 508.00 1023.00
99004.00 507.00 1023.00
100660.00 508.00 1023.00
102352.00 505.00 1023.00
104048.00 508.00 1023.00
105748.00 509.00 1023.00
107440.00 507.00 1023.00
109136.00 508.00 1023.00
110836.00 508.00 1023.00
112528.00 512.00 1023.00
114224.00 508.00 1023.00
115924.00 505.00 1023.00
117616.00 506.00 1023.00
119312.00 511.00 1023.00
121016.00 508.00 1023.00
122712.00 510.00 1023.00
124408.00 508.00 1023.00
126108.00 508.00 1023.00
127800.00 510.00 1023.00
129496.00 508.00 1023.00
131196.00 505.00 1023.00
132868.00 511.00 1023.00
134544.00 505.00 1023.00
136224.00 506.00 1023.00
137896.00 509.00 1023.00
139576.00 510.00 1023.00
141252.00 508.00 1023.00
142920.00 504.00 1022.00
144600.00 510.00 1023.00
146272.00 504.00 1023.00
147944.00 506.00 1023.00
149624.00 509.00 1023.00
151296.00 506.00 1023.00
152976.00 509.00 1023.00
154656.00 506.00 1023.00
156328.00 512.00 1023.00
158008.00 510.00 1023.00
159684.00 507.00 1023.00
161356.00 508.00 1023.00
163032.00 509.00 1023.00
164708.00 513.00 1020.00
166376.00 507.00 1023.00
168056.00 507.00 1023.00
169728.00 505.00 1023.00
171408.00 508.00 1023.00
173088.00 507.00 1023.00
174760.00 508.00 1023.00
176440.00 504.00 1023.00
178112.00 505.00 1023.00
179784.00 507.00 1023.00
181464.00 508.00 1023.00
183136.00 510.00 1023.00
184812.00 508.00 1023.00
186488.00 512.00 1023.00
188160.00 508.00 1023.00
189840.00 508.00 1023.00
191520.00 512.00 1023.00
193196.00 508.00 1023.00
194872.00 513.00 1023.00
196548.00 510.00 1023.00
198220.00 507.00 1023.00
199896.00 510.00 1023.00
201572.00 509.00 1023.00
203244.00 510.00 1023.00
204920.00 505.00 1023.00
206592.00 509.00 1023.00
208272.00 507.00 1023.00
209952.00 511.00 1023.00
211624.00 507.00 1023.00
213304.00 507.00 1023.00
214980.00 511.00 1023.00
216652.00 508.00 1023.00
218328.00 511.00 1023.00
220000.00 508.00 1023.00
221672.00 507.00 1023.00
223352.00 505.00 1023.00
225028.00 510.00 1023.00
226704.00 512.00 1023.00
228384.00 508.00 1023.00
230060.00 508.00 1023.00
231736.00 510.00 1023.00
233412.00 513.00 1023.00
235084.00 512.00 1023.00
236760.00 508.00 1023.00
238436.00 506.00 1023.00
240108.00 510.00 1023.00
241784.00 509.00 1023.00
243460.00 512.00 1023.00
245136.00 504.00 1023.00
246816.00 509.00 1023.00
248488.00 505.00 1023.00
250168.00 505.00 1023.00
251844.00 510.00 1023.00
253516.00 504.00 1023.00
255192.00 514.00 1023.00
256868.00 510.00 1023.00
258536.00 501.00 1023.00
260216.00 510.00 1023.00
261888.00 509.00 1023.00
263568.00 508.00 1023.00
265248.00 507.00 1023.00
266920.00 510.00 1023.00
268600.00 507.00 1023.00
270272.00 508.00 1023.00
271944.00 506.00 1023.00
273624.00 507.00 1023.00
275296.00 503.00 1023.00
276968.00 508.00 1023.00
278648.00 511.00 1023.00
280324.00 509.00 1023.00
282000.00 510.00 1023.00
283680.00 507.00 1023.00
285352.00 509.00 1023.00
287032.00 506.00 1023.00
288708.00 511.00 1023.00
290376.00 507.00 1023.00
292056.00 509.00 1023.00
293728.00 505.00 1023.00
295404.00 509.00 1023.00
297080.00 510.00 1023.00
298756.00 508.00 1023.00
300432.00 506.00 1023.00
302112.00 507.00 1023.00
303788.00 506.00 1023.00
305464.00 510.00 1023.00
307140.00 503.00 1023.00
308812.00 507.00 1023.00
310488.00 511.00 1023.00
312164.00 510.00 1023.00
313836.00 508.00 1023.00
315512.00 507.00 1023.00
317188.00 510.00 1023.00
318864.00 508.00 1023.00
320544.00 505.00 1023.00
322216.00 506.00 1023.00
323896.00 508.00 1023.00
325568.00 508.00 1023.00
327244.00 506.00 1023.00
328920.00 508.00 1023.00
330592.00 507.00 1023.00
332264.00 506.00 1023.00
333944.00 506.00 1023.00
335616.00 510.00 1023.00
337296.00 508.00 1023.00
338976.00 509.00 1023.00
340648.00 506.00 1023.00
342328.00 512.00 1023.00
344004.00 511.00 1023.00
345672.00 507.00 1023.00
347352.00 504.00 1023.00
349028.00 506.00 1023.00
350696.00 506.00 1023.00
352376.00 508.00 1023.00
354048.00 512.00 1023.00
355728.00 511.00 1023.00
357408.00 509.00 1023.00
359084.00 508.00 1023.00
360760.00 507.00 1023.00
362432.00 511.00 1023.00
364104.00 511.00 1023.00
365784.00 506.00 1023.00
367460.00 508.00 1023.00
369132.00 505.00 1023.00
370808.00 510.00 1023.00
372484.00 508.00 1023.00
374160.00 507.00 1023.00
375840.00 508.00 1023.00
377516.00 511.00 1023.00
379192.00 510.00 1023.00
380868.00 508.00 1023.00
382540.00 506.00 1023.00
384216.00 511.00 1023.00
385888.00 506.00 1023.00
387560.00 506.00 1023.00
389240.00 504.00 1023.00
390912.00 508.00 1023.00
392592.00 509.00 1023.00
394272.00 508.00 1023.00
395948.00 513.00 1023.00
397624.00 507.00 1023.00
399300.00 512.00 1023.00
400972.00 506.00 1023.00
402648.00 506.00 1023.00
404320.00 511.00 1023.00
405996.00 510.00 1023.00
407672.00 509.00 1023.00
409348.00 510.00 1023.00
411024.00 508.00 1023.00
412704.00 508.00 1023.00
414376.00 508.00 1023.00
416056.00 509.00 1023.00
417728.00 512.00 1023.00
419400.00 508.00 1023.00
421080.00 512.00 1023.00
422752.00 507.00 1023.00
424424.00 510.00 1023.00
426104.00 510.00 1023.00
427780.00 510.00 1023.00
429456.00 510.00 1023.00
431136.00 507.00 1023.00
432812.00 506.00 1023.00
434488.00 508.00 1023.00
436164.00 507.00 1023.00
437832.00 509.00 1023.00
439512.00 510.00 1023.00
441188.00 507.00 1023.00
442860.00 508.00 1023.00
444536.00 508.00 1023.00
446212.00 511.00 1023.00
447888.00 509.00 1023.00
449568.00 504.00 1023.00
451244.00 506.00 1023.00
452920.00 507.00 1023.00
454592.00 508.00 1023.00
456264.00 508.00 1023.00
457944.00 506.00 1023.00
459620.00 509.00 1023.00
461292.00 507.00 1023.00
462968.00 506.00 1023.00
464644.00 510.00 1023.00
466320.00 509.00 1023.00
468000.00 507.00 1023.00
469672.00 510.00 1023.00
471352.00 508.00 1023.00
473028.00 509.00 1023.00
474700.00 511.00 1023.00
476376.00 509.00 1023.00
478052.00 514.00 1023.00
479724.00 507.00 1023.00
481400.00 508.00 1023.00
483072.00 506.00 1022.00
484752.00 508.00 1023.00
486432.00 509.00 1023.00
488104.00 511.00 1023.00
489784.00 507.00 1023.00
491460.00 508.00 1023.00
493132.00 510.00 1023.00
494808.00 512.00 1023.00
496480.00 507.00 1023.00
498152.00 510.00 1023.00
499832.00 507.00 1023.00
501508.00 505.00 1023.00
503184.00 510.00 1023.00
504864.00 505.00 1023.00
506540.00 512.00 1022.00
508216.00 508.00 1023.00
509892.00 508.00 1023.00
511564.00 507.00 1023.00
513244.00 503.00 1023.00
514912.00 506.00 1023.00
516584.00 510.00 1023.00
518264.00 507.00 1023.00
519940.00 509.00 1023.00
521616.00 506.00 1023.00
523296.00 506.00 1023.00
524968.00 507.00 1023.00
526648.00 504.00 1023.00
528312.00 511.00 1023.00
529988.00 507.00 1023.00
531664.00 510.00 1023.00
533340.00 507.00 1023.00
535008.00 507.00 1023.00
536688.00 506.00 1023.00
538360.00 510.00 1023.00
540040.00 505.00 1023.00
541720.00 509.00 1023.00
543396.00 511.00 1023.00
545072.00 508.00 1023.00
546748.00 508.00 1023.00
548420.00 507.00 1023.00
550096.00 511.00 1023.00
551772.00 508.00 1023.00
553444.00 510.00 1023.00
555120.00 509.00 1023.00
556796.00 511.00 1023.00
558472.00 507.00 1023.00
560152.00 506.00 1023.00
561828.00 506.00 1023.00
563504.00 511.00 1023.00
565176.00 507.00 1023.00
566848.00 509.00 1023.00
568528.00 511.00 1023.00
570200.00 505.00 1023.00
571876.00 508.00 1023.00
573552.00 510.00 1023.00
575228.00 511.00 1023.00
576904.00 507.00 1023.00
578584.00 508.00 1023.00
580256.00 509.00 1023.00
581936.00 508.00 1023.00
583612.00 509.00 1023.00
585284.00 507.00 1023.00
586960.00 508.00 1023.00
588636.00 506.00 1023.00
590308.00 509.00 1023.00
591984.00 505.00 1023.00
593660.00 507.00 1023.00
595336.00 505.00 1023.00
597016.00 507.00 1023.00
598692.00 509.00 1023.00
600368.00 509.00 1023.00
602044.00 512.00 1023.00
603716.00 510.00 1023.00
605392.00 504.00 1023.00
607068.00 508.00 1023.00
608740.00 513.00 1023.00
610416.00 509.00 1023.00
612092.00 511.00 1023.00
613768.00 511.00 1023.00
615448.00 508.00 1023.00
617120.00 508.00 1023.00
618800.00 507.00 1023.00
620476.00 510.00 1023.00
622148.00 511.00 1023.00
623824.00 513.00 1023.00
625500.00 510.00 1023.00
627172.00 506.00 1023.00
628848.00 510.00 1023.00
630524.00 507.00 1023.00
632200.00 511.00 1023.00
633880.00 506.00 1023.00
635556.00 508.00 1023.00
637232.00 507.00 1023.00
638908.00 510.00 1023.00
640580.00 511.00 1023.00
642256.00 509.00 1022.00
643920.00 507.00 1023.00
645592.00 510.00 1023.00
647272.00 509.00 1023.00
648948.00 508.00 1023.00
650624.00 506.00 1023.00
652304.00 509.00 1023.00
653980.00 509.00 1023.00
655656.00 507.00 1023.00
657328.00 508.00 1023.00
659000.00 508.00 1023.00
660680.00 509.00 1023.00
662352.00 508.00 1023.00
664028.00 506.00 1023.00
665704.00 511.00 1023.00
667368.00 505.00 1023.00
669048.00 505.00 1023.00
670712.00 509.00 1023.00
672388.00 511.00 1023.00
674064.00 505.00 1023.00
675736.00 508.00 1023.00
677412.00 509.00 1022.00
679088.00 507.00 1023.00
680760.00 506.00 1023.00
682436.00 507.00 1023.00
684112.00 509.00 1023.00
685788.00 507.00 1023.00
687464.00 510.00 1023.00
689140.00 507.00 1023.00
690812.00 508.00 1023.00
692488.00 507.00 1023.00
694160.00 510.00 1023.00
695836.00 506.00 1023.00
697512.00 511.00 1023.00
699188.00 506.00 1023.00
700860.00 508.00 1023.00
702536.00 512.00 1023.00
704212.00 508.00 1023.00
705888.00 506.00 1023.00
707564.00 507.00 1023.00
709236.00 510.00 1023.00
710912.00 507.00 1023.00
712588.00 505.00 1023.00
714260.00 509.00 1023.00
715936.00 507.00 1023.00
717612.00 507.00 1023.00
719280.00 505.00 1023.00
720960.00 507.00 1023.00
722632.00 507.00 1023.00
724312.00 508.00 1023.00
725988.00 509.00 1023.00
727660.00 506.00 1023.00
729336.00 507.00 1023.00
731012.00 509.00 1023.00
732684.00 508.00 1023.00
734360.00 508.00 1023.00
736036.00 506.00 1023.00
737704.00 506.00 1023.00
739384.00 509.00 1023.00
741060.00 507.00 1023.00
742736.00 509.00 1023.00
744408.00 506.00 1023.00
746080.00 507.00 1023.00
747760.00 504.00 1023.00
749436.00 509.00 1023.00
751108.00 506.00 1023.00
752784.00 508.00 1023.00
754460.00 507.00 1023.00
756136.00 508.00 1023.00
757816.00 507.00 1023.00
759492.00 512.00 1023.00
761168.00 509.00 1023.00
762844.00 506.00 1023.00
764516.00 508.00 1023.00
766192.00 507.00 1023.00
767868.00 505.00 1023.00
769540.00 509.00 1023.00
771216.00 506.00 1023.00
772888.00 509.00 1023.00
774568.00 505.00 1023.00
776248.00 508.00 1023.00
777924.00 505.00 1023.00
779600.00 509.00 1023.00
781276.00 505.00 1023.00
782948.00 507.00 1022.00
784624.00 509.00 1023.00
786300.00 507.00 1023.00
787972.00 509.00 1023.00
789648.00 511.00 1023.00
791324.00 510.00 1023.00
793000.00 509.00 1023.00
794680.00 505.00 1023.00
796356.00 508.00 1023.00
798032.00 509.00 1023.00
799708.00 505.00 1023.00
801380.00 509.00 1023.00
803056.00 507.00 1023.00
804732.00 512.00 1023.00
806404.00 510.00 1023.00
808080.00 509.00 1023.00
809744.00 509.00 1023.00
811424.00 509.00 1023.00
813104.00 511.00 1023.00
814780.00 509.00 1023.00
816456.00 508.00 1023.00
818132.00 510.00 1023.00
819804.00 511.00 1023.00
821480.00 507.00 1023.00
823144.00 506.00 1023.00
824816.00 510.00 1023.00
826496.00 507.00 1023.00
828160.00 512.00 1023.00
829840.00 512.00 1023.00
831512.00 507.00 1023.00
833188.00 513.00 1023.00
834864.00 508.00 1023.00
836536.00 507.00 1023.00
838208.00 510.00 1023.00
839888.00 507.00 1023.00
841560.00 505.00 1023.00
843236.00 506.00 1023.00
844912.00 505.00 1023.00
846584.00 507.00 1023.00
848264.00 509.00 1023.00
849944.00 507.00 1023.00
851608.00 509.00 1023.00
853288.00 508.00 1023.00
854964.00 509.00 1023.00
856636.00 507.00 1022.00
858312.00 510.00 1023.00
859988.00 507.00 1023.00
861660.00 509.00 1023.00
863336.00 505.00 1023.00
865012.00 509.00 1023.00
866688.00 509.00 1023.00
868368.00 510.00 1023.00
870044.00 508.00 1023.00
871720.00 509.00 1023.00
873396.00 510.00 1023.00
875068.00 507.00 1023.00
876744.00 511.00 1023.00
878420.00 508.00 1023.00
880092.00 512.00 1023.00
881768.00 511.00 1023.00
883444.00 508.00 1023.00
885120.00 507.00 1023.00
886800.00 509.00 1023.00
888472.00 508.00 1023.00
890152.00 505.00 1023.00
891828.00 512.00 1023.00
893500.00 507.00 1023.00
895176.00 510.00 1023.00
896852.00 509.00 1023.00
898520.00 507.00 1023.00
900200.00 506.00 1023.00
901876.00 505.00 1023.00
903552.00 508.00 1023.00
905232.00 508.00 1023.00
906908.00 510.00 1023.00
908584.00 512.00 1023.00
910260.00 505.00 1023.00
911932.00 509.00 1023.00
913608.00 506.00 1023.00
915284.00 512.00 1023.00
916956.00 507.00 1023.00
918632.00 510.00 1023.00
920308.00 508.00 1023.00
921984.00 508.00 1023.00
923664.00 509.00 1023.00
925340.00 510.00 1023.00
927016.00 511.00 1023.00
928692.00 510.00 1023.00
930364.00 509.00 1023.00
932040.00 509.00 1023.00
933712.00 509.00 1023.00
935388.00 507.00 1022.00
937064.00 509.00 1023.00
938740.00 502.00 1023.00
940416.00 511.00 1023.00
942096.00 508.00 1023.00
943772.00 507.00 1023.00
945448.00 507.00 1023.00
947124.00 509.00 1023.00
948796.00 507.00 1023.00
950472.00 507.00 1023.00
952148.00 508.00 1023.00
953820.00 508.00 1023.00
955496.00 508.00 1023.00
957172.00 511.00 1023.00
958848.00 505.00 1023.00
960528.00 503.00 1023.00
962200.00 505.00 1023.00
963880.00 509.00 1023.00
965552.00 508.00 1023.00
967228.00 508.00 1023.00
968904.00 509.00 1023.00
970580.00 508.00 1023.00
972252.00 509.00 1023.00
973928.00 510.00 1023.00
975604.00 508.00 1023.00
977280.00 506.00 1023.00
978960.00 508.00 1023.00
980636.00 507.00 1023.00
982312.00 510.00 1023.00
983988.00 511.00 1023.00
985660.00 509.00 1023.00
987336.00 508.00 1023.00
989012.00 509.00 1023.00
990684.00 510.00 1023.00
992360.00 507.00 1023.00
994032.00 508.00 1023.00
995712.00 508.00 1023.00
997392.00 510.00 1023.00
999068.00 505.00 1023.00
1000744.00 512.00 1023.00
1002460.00 501.00 1023.00
1004172.00 512.00 1023.00
1005892.00 512.00 1023.00
1007608.00 510.00 1023.00
1009320.00 504.00 1023.00
1011036.00 511.00 1023.00
1012756.00 508.00 1023.00
1014472.00 510.00 1023.00
1016188.00 508.00 1023.00
1017908.00 510.00 1023.00
1019624.00 504.00 1023.00
1021340.00 506.00 1023.00
1023060.00 506.00 1023.00
1024776.00 509.00 1023.00
1026488.00 507.00 1023.00
1028212.00 513.00 1023.00
1029924.00 510.00 1023.00
1031636.00 513.00 1023.00
1033356.00 510.00 1023.00
1035068.00 508.00 1023.00
1036780.00 506.00 1023.00
1038500.00 506.00 1023.00
1040212.00 513.00 1023.00
1041924.00 508.00 1023.00
1043644.00 509.00 1023.00
1045356.00 504.00 1022.00
1047068.00 509.00 1023.00
1048788.00 505.00 1023.00
1050500.00 505.00 1023.00
1052212.00 507.00 1023.00
1053932.00 512.00 1023.00
1055644.00 509.00 1023.00
1057356.00 505.00 1023.00
1059076.00 510.00 1023.00
1060788.00 504.00 1023.00
1062500.00 512.00 1023.00
1064220.00 506.00 1022.00
1065932.00 507.00 1023.00
1067644.00 510.00 1023.00
1069364.00 509.00 1023.00
1071076.00 511.00 1023.00
1072788.00 510.00 1023.00
1074508.00 505.00 1023.00
1076220.00 512.00 1023.00
1077940.00 511.00 1023.00
1079660.00 504.00 1023.00
1081380.00 509.00 1023.00
1083092.00 509.00 1023.00
1084812.00 509.00 1023.00
1086532.00 510.00 1023.00
1088244.00 510.00 1023.00
1089964.00 507.00 1023.00
1091684.00 509.00 1023.00
1093396.00 511.00 1023.00
1095116.00 508.00 1023.00
1096836.00 508.00 1023.00
1098548.00 505.00 1023.00
1100260.00 506.00 1023.00
1101980.00 511.00 1023.00
1103696.00 506.00 1023.00
1105404.00 507.00 1023.00
1107124.00 509.00 1023.00
1108836.00 509.00 1023.00
1110548.00 508.00 1023.00
1112268.00 506.00 1023.00
1113984.00 509.00 1023.00
1115692.00 507.00 1023.00
1117412.00 510.00 1023.00
1119128.00 508.00 1023.00
1120840.00 509.00 1023.00
1122556.00 505.00 1022.00
1124272.00 508.00 1023.00
1125980.00 508.00 1023.00
1127700.00 507.00 1023.00
1129412.00 506.00 1023.00
1131124.00 509.00 1023.00
1132844.00 508.00 1023.00
1134556.00 510.00 1023.00
1136272.00 509.00 1023.00
1137988.00 511.00 1023.00
1139700.00 508.00 1023.00
1141412.00 506.00 1023.00
1143132.00 505.00 1023.00
1144852.00 510.00 1023.00
1146568.00 508.00 1023.00
1148284.00 510.00 1023.00
1150004.00 508.00 1023.00
1151716.00 507.00 1023.00
1153436.00 513.00 1023.00
1155156.00 509.00 1023.00
1156868.00 505.00 1023.00
1158588.00 508.00 1023.00
1160308.00 509.00 1023.00
1162020.00 503.00 1023.00
1163732.00 509.00 1023.00
1165452.00 508.00 1023.00
1167164.00 506.00 1023.00
1168880.00 507.00 1023.00
1170596.00 506.00 1023.00
1172308.00 508.00 1023.00
1174024.00 506.00 1023.00
1175740.00 510.00 1023.00
1177456.00 509.00 1023.00
1179168.00 508.00 1023.00
1180884.00 508.00 1023.00
1182596.00 507.00 1023.00
1184312.00 511.00 1023.00
1186028.00 506.00 1023.00
1187740.00 508.00 1023.00
1189456.00 508.00 1023.00
1191172.00 507.00 1023.00
1192888.00 508.00 1023.00
1194596.00 509.00 1023.00
1196316.00 509.00 1023.00
1198032.00 508.00 1023.00
1199744.00 510.00 1023.00
1201460.00 507.00 1023.00
1203172.00 514.00 1023.00
1204888.00 508.00 1023.00
1206604.00 509.00 1023.00
1208316.00 511.00 1023.00
1210040.00 509.00 1023.00
1211756.00 506.00 1023.00
1213476.00 509.00 1023.00
1215188.00 509.00 1023.00
1216908.00 509.00 1023.00
1218628.00 508.00 1023.00
1220340.00 509.00 1023.00
1222060.00 507.00 1023.00
1223780.00 507.00 1023.00
1225496.00 508.00 1023.00
1227212.00 507.00 1023.00
1228932.00 508.00 1023.00
1230644.00 509.00 1023.00
1232356.00 508.00 1023.00
1234076.00 506.00 1023.00
1235788.00 512.00 1023.00
1237500.00 509.00 1023.00
1239220.00 510.00 1023.00
1240932.00 508.00 1023.00
1242644.00 511.00 1023.00
1244364.00 511.00 1023.00
1246076.00 505.00 1023.00
1247792.00 507.00 1023.00
1249508.00 508.00 1023.00
1251220.00 510.00 1023.00
1252932.00 507.00 1023.00
1254652.00 506.00 1023.00
1256364.00 509.00 1023.00
1258076.00 509.00 1023.00
1259796.00 507.00 1023.00
1261512.00 507.00 1023.00
1263224.00 510.00 1023.00
1264940.00 509.00 1023.00
1266652.00 516.00 1023.00
1268368.00 507.00 1023.00
1270084.00 506.00 1023.00
1271796.00 510.00 1023.00
1273512.00 509.00 1023.00
1275228.00 508.00 1023.00
1276948.00 506.00 1023.00
1278664.00 507.00 1023.00
1280380.00 509.00 1023.00
1282096.00 508.00 1023.00
1283812.00 509.00 1023.00
1285532.00 511.00 1023.00
1287252.00 505.00 1023.00
1288964.00 508.00 1023.00
1290684.00 507.00 1023.00
1292404.00 508.00 1023.00
1294116.00 516.00 1023.00
1295828.00 507.00 1023.00
1297548.00 507.00 1023.00
1299260.00 509.00 1023.00
1300972.00 509.00 1023.00
1302692.00 509.00 1023.00
1304404.00 507.00 1023.00
1306116.00 509.00 1023.00
1307836.00 511.00 1023.00
1309552.00 506.00 1023.00
1311264.00 506.00 1023.00
1312980.00 508.00 1023.00
1314692.00 509.00 1023.00
1316404.00 504.00 1023.00
1318124.00 506.00 1023.00
1319836.00 506.00 1023.00
1321548.00 509.00 1023.00
1323268.00 507.00 1023.00
1324980.00 509.00 1023.00
1326692.00 507.00 1023.00
1328412.00 508.00 1023.00
1330124.00 510.00 1023.00
1331836.00 508.00 1023.00
1333556.00 508.00 1023.00
1335268.00 506.00 1023.00
1336980.00 511.00 1023.00
1338700.00 507.00 1023.00
1340412.00 506.00 1023.00
1342132.00 510.00 1023.00
1343852.00 506.00 1023.00
1345572.00 507.00 1023.00
1347284.00 507.00 1023.00
1349004.00 512.00 1023.00
1350724.00 511.00 1023.00
1352436.00 508.00 1023.00
1354156.00 505.00 1023.00
1355876.00 506.00 1023.00
1357588.00 508.00 1023.00
1359308.00 505.00 1023.00
1361028.00 505.00 1022.00
1362740.00 509.00 1023.00
1364452.00 513.00 1023.00
1366172.00 511.00 1022.00
1367884.00 510.00 1023.00
1369596.00 509.00 1023.00
1371316.00 509.00 1023.00
1373028.00 509.00 1023.00
1374740.00 510.00 1023.00
1376460.00 508.00 1023.00
1378172.00 509.00 1023.00
1379884.00 504.00 1023.00
1381604.00 513.00 1022.00
1383316.00 510.00 1023.00
1385028.00 509.00 1023.00
1386748.00 510.00 1023.00
1388460.00 509.00 1023.00
1390172.00 508.00 1023.00
1391892.00 510.00 1023.00
1393608.00 509.00 1023.00
1395316.00 512.00 1023.00
1397036.00 510.00 1023.00
1398752.00 506.00 1023.00
1400460.00 510.00 1023.00
1402180.00 512.00 1023.00
1403892.00 504.00 1023.00
1405604.00 505.00 1023.00
1407324.00 510.00 1023.00
1409044.00 510.00 1023.00
1410756.00 511.00 1023.00
1412476.00 510.00 1023.00
1414196.00 509.00 1023.00
1415908.00 510.00 1023.00
1417628.00 510.00 1023.00
1419348.00 510.00 1023.00
1421064.00 507.00 1023.00
1422780.00 508.00 1023.00
1424500.00 510.00 1023.00
1426212.00 511.00 1023.00
1427928.00 508.00 1023.00
1429644.00 509.00 1023.00
1431360.00 513.00 1023.00
1433072.00 511.00 1023.00
1434788.00 508.00 1023.00
1436500.00 513.00 1023.00
1438212.00 509.00 1023.00
1439932.00 505.00 1023.00
1441648.00 504.00 1022.00
1443356.00 510.00 1023.00
1445076.00 507.00 1023.00
1446788.00 511.00 1023.00
1448500.00 509.00 1023.00
1450220.00 508.00 1023.00
1451936.00 510.00 1023.00
1453648.00 506.00 1023.00
1455364.00 509.00 1023.00
1457076.00 508.00 1023.00
1458788.00 510.00 1022.00
1460508.00 508.00 1022.00
1462220.00 510.00 1023.00
1463936.00 510.00 1023.00
1465652.00 509.00 1023.00
1467364.00 509.00 1023.00
1469076.00 511.00 1023.00
1470796.00 509.00 1023.00
1472512.00 508.00 1023.00
1474228.00 507.00 1023.00
1475948.00 507.00 1023.00
1477668.00 507.00 1023.00
1479380.00 512.00 1023.00
1481100.00 507.00 1023.00
1482820.00 506.00 1023.00
1484532.00 507.00 1023.00
1486252.00 508.00 1023.00
1487972.00 507.00 1023.00
1489688.00 509.00 1023.00
1491404.00 507.00 1023.00
1493124.00 505.00 1023.00
1494836.00 512.00 1023.00
1496552.00 510.00 1023.00
1498268.00 508.00 1023.00
1499980.00 508.00 1023.00
1501696.00 508.00 1023.00
1503412.00 508.00 1023.00
1505128.00 507.00 1023.00
1506840.00 507.00 1023.00
1508556.00 512.00 1023.00
1510272.00 504.00 1023.00
1511984.00 507.00 1023.00
1513700.00 510.00 1023.00
1515416.00 508.00 1023.00
1517128.00 506.00 1023.00
1518844.00 504.00 1023.00
1520560.00 509.00 1023.00
1522268.00 510.00 1023.00
1523988.00 505.00 1022.00
1525704.00 510.00 1023.00
1527416.00 509.00 1023.00
1529132.00 508.00 1023.00
1530848.00 508.00 1023.00
1532560.00 506.00 1023.00
1534276.00 510.00 1023.00
1535992.00 511.00 1023.00
1537704.00 508.00 1023.00
1539428.00 510.00 1023.00
1541148.00 506.00 1023.00
1542860.00 511.00 1023.00
1544580.00 509.00 1023.00
1546300.00 506.00 1023.00
1548012.00 508.00 1023.00
1549732.00 506.00 1023.00
1551452.00 511.00 1023.00
1553168.00 505.00 1023.00
1554884.00 508.00 1023.00
1556604.00 509.00 1023.00
1558316.00 503.00 1023.00
1560032.00 510.00 1023.00
1561748.00 510.00 1023.00
1563460.00 509.00 1023.00
1565172.00 507.00 1023.00
1566892.00 506.00 1023.00
1568604.00 509.00 1023.00
1570316.00 509.00 1023.00
1572036.00 507.00 1023.00
1573748.00 506.00 1023.00
1575464.00 505.00 1023.00
1577180.00 509.00 1023.00
1578892.00 509.00 1023.00
1580612.00 507.00 1023.00
1582332.00 511.00 1023.00
1584048.00 508.00 1023.00
1585756.00 507.00 1023.00
1587476.00 507.00 1023.00
1589188.00 509.00 1023.00
1590904.00 507.00 1023.00
1592620.00 509.00 1023.00
1594336.00 510.00 1023.00
1596048.00 505.00 1023.00
1597764.00 504.00 1023.00
1599476.00 509.00 1023.00
1601192.00 507.00 1023.00
1602908.00 507.00 1023.00
1604628.00 506.00 1023.00
1606340.00 507.00 1023.00
1608060.00 507.00 1023.00
1609780.00 510.00 1023.00
1611492.00 508.00 1023.00
1613212.00 510.00 1023.00
1614932.00 506.00 1023.00
1616644.00 508.00 1023.00
1618364.00 508.00 1023.00
1620084.00 507.00 1023.00
1621796.00 507.00 1023.00
1623508.00 503.00 1023.00
1625228.00 506.00 1023.00
1626944.00 506.00 1023.00
1628652.00 508.00 1023.00
1630372.00 516.00 1023.00
1632088.00 509.00 1023.00
1633796.00 509.00 1023.00
1635516.00 507.00 1023.00
1637232.00 505.00 1023.00
1638944.00 514.00 1023.00
1640660.00 507.00 1023.00
1642372.00 505.00 1023.00
1644084.00 508.00 1023.00
1645800.00 505.00 1023.00
1647516.00 505.00 1022.00
1649228.00 513.00 1023.00
1650948.00 509.00 1023.00
1652660.00 504.00 1023.00
1654372.00 508.00 1023.00
1656092.00 511.00 1023.00
1657804.00 509.00 1023.00
1659516.00 508.00 1023.00
1661236.00 508.00 1023.00
1662948.00 511.00 1023.00
1664664.00 511.00 1023.00
1666376.00 505.00 1023.00
1668092.00 509.00 1023.00
1669812.00 508.00 1023.00
1671532.00 508.00 1023.00
1673252.00 509.00 1023.00
1674964.00 508.00 1023.00
1676684.00 511.00 1023.00
1678404.00 506.00 1023.00
1680116.00 506.00 1023.00
1681832.00 509.00 1023.00
1683556.00 510.00 1023.00
1685268.00 506.00 1023.00
1686988.00 509.00 1023.00
1688708.00 506.00 1023.00
1690420.00 509.00 1023.00
1692132.00 507.00 1023.00
1693852.00 506.00 1023.00
1695564.00 506.00 1023.00
1697276.00 509.00 1023.00
1698996.00 505.00 1023.00
1700708.00 509.00 1023.00
1702420.00 508.00 1023.00
1704140.00 509.00 1023.00
1705852.00 511.00 1023.00
1707564.00 509.00 1023.00
1709284.00 505.00 1023.00
1710996.00 509.00 1023.00
1712712.00 507.00 1023.00
1714428.00 510.00 1023.00
1716140.00 508.00 1023.00
1717852.00 511.00 1023.00
1719572.00 511.00 1023.00
1721288.00 509.00 1023.00
1722996.00 510.00 1023.00
1724716.00 510.00 1023.00
1726432.00 509.00 1023.00
1728140.00 510.00 1023.00
1729860.00 508.00 1023.00
1731572.00 506.00 1023.00
1733284.00 509.00 1023.00
1735004.00 509.00 1023.00
1736724.00 506.00 1023.00
1738436.00 508.00 1023.00
1740156.00 507.00 1023.00
1741876.00 507.00 1023.00
1743588.00 510.00 1023.00
1745308.00 508.00 1023.00
1747028.00 510.00 1023.00
1748744.00 507.00 1023.00
1750460.00 509.00 1023.00
1752180.00 507.00 1023.00
1753892.00 511.00 1023.00
1755604.00 509.00 1023.00
1757324.00 505.00 1023.00
1759040.00 508.00 1023.00
1760752.00 506.00 1023.00
1762468.00 503.00 1023.00
1764180.00 507.00 1023.00
1765892.00 508.00 1023.00
1767612.00 507.00 1023.00
1769324.00 508.00 1023.00
1771036.00 509.00 1023.00
1772756.00 509.00 1023.00
1774472.00 511.00 1023.00
1776180.00 505.00 1023.00
1777900.00 505.00 1023.00
1779616.00 509.00 1023.00
1781324.00 508.00 1023.00
1783044.00 510.00 1023.00
1784756.00 507.00 1023.00
1786472.00 507.00 1023.00
1788188.00 508.00 1023.00
1789900.00 512.00 1023.00
1791616.00 511.00 1023.00
1793332.00 506.00 1023.00
1795044.00 505.00 1023.00
1796756.00 511.00 1023.00
1798476.00 507.00 1023.00
1800188.00 509.00 1023.00
1801908.00 508.00 1023.00
1803628.00 507.00 1023.00
1805348.00 504.00 1023.00
1807060.00 509.00 1023.00
1808780.00 509.00 1023.00
1810500.00 508.00 1023.00
1812212.00 508.00 1023.00
1813932.00 510.00 1023.00
1815652.00 512.00 1023.00
1817368.00 505.00 1023.00
1819084.00 508.00 1023.00
1820804.00 510.00 1023.00
1822516.00 511.00 1023.00
1824232.00 511.00 1023.00
1825948.00 506.00 1023.00
1827660.00 510.00 1023.00
1829376.00 510.00 1023.00
1831092.00 507.00 1023.00
1832808.00 506.00 1023.00
1834516.00 505.00 1023.00
1836236.00 508.00 1023.00
1837952.00 511.00 1023.00
1839664.00 509.00 1023.00
1841380.00 505.00 1023.00
1843096.00 509.00 1023.00
1844808.00 510.00 1023.00
1846524.00 508.00 1023.00
1848236.00 507.00 1023.00
1849948.00 509.00 1023.00
1851668.00 508.00 1023.00
1853380.00 507.00 1023.00
1855096.00 506.00 1023.00
1856812.00 508.00 1023.00
1858524.00 508.00 1023.00
1860236.00 508.00 1023.00
1861956.00 508.00 1023.00
1863672.00 511.00 1023.00
1865384.00 508.00 1023.00
1867100.00 509.00 1023.00
1868820.00 509.00 1023.00
1870532.00 506.00 1023.00
1872252.00 509.00 1023.00
1873972.00 509.00 1023.00
1875684.00 509.00 1023.00
1877404.00 509.00 1023.00
1879124.00 505.00 1023.00
1880840.00 510.00 1023.00
1882556.00 509.00 1023.00
1884276.00 507.00 1023.00
1885988.00 509.00 1023.00
1887704.00 507.00 1023.00
1889420.00 509.00 1023.00
1891132.00 509.00 1023.00
1892848.00 507.00 1023.00
1894564.00 508.00 1023.00
1896276.00 513.00 1023.00
1897988.00 510.00 1023.00
1899708.00 505.00 1023.00
1901420.00 512.00 1023.00
1903136.00 508.00 1023.00
1904852.00 509.00 1023.00
1906564.00 504.00 1023.00
1908276.00 507.00 1023.00
1909996.00 509.00 1023.00
1911712.00 509.00 1023.00
1913424.00 509.00 1023.00
1915140.00 508.00 1023.00
1916856.00 510.00 1023.00
1918568.00 510.00 1023.00
1920284.00 503.00 1023.00
1921996.00 506.00 1023.00
1923708.00 507.00 1023.00
1925428.00 506.00 1023.00
1927140.00 508.00 1023.00
1928852.00 510.00 1023.00
1930572.00 507.00 1023.00
1932284.00 506.00 1023.00
1934008.00 506.00 1023.00
1935724.00 507.00 1023.00
1937444.00 509.00 1023.00
1939156.00 511.00 1023.00
1940876.00 509.00 1023.00
1942596.00 508.00 1023.00
1944312.00 509.00 1023.00
1946028.00 507.00 1023.00
1947748.00 507.00 1023.00
1949464.00 508.00 1023.00
1951180.00 507.00 1023.00
1952900.00 511.00 1023.00
1954616.00 511.00 1023.00
1956328.00 509.00 1023.00
1958044.00 511.00 1023.00
1959760.00 509.00 1023.00
1961472.00 506.00 1023.00
1963188.00 506.00 1023.00
1964904.00 509.00 1023.00
1966612.00 510.00 1022.00
1968332.00 505.00 1023.00
1970044.00 508.00 1023.00
1971756.00 508.00 1023.00
1973476.00 513.00 1023.00
1975188.00 507.00 1023.00
1976904.00 505.00 1023.00
1978620.00 506.00 1023.00
1980332.00 507.00 1023.00
1982048.00 506.00 1023.00
1983764.00 507.00 1023.00
1985480.00 507.00 1023.00
1987188.00 511.00 1023.00
1988908.00 510.00 1023.00
1990620.00 509.00 1023.00
1992332.00 511.00 1023.00
1994052.00 508.00 1023.00
1995768.00 507.00 1023.00
1997480.00 511.00 1023.00
1999196.00 508.00 1023.00
2000916.00 507.00 1023.00
2002628.00 507.00 1023.00
2004348.00 509.00 1023.00
2006068.00 512.00 1023.00
2007784.00 511.00 1023.00
2009500.00 507.00 1023.00
2011220.00 507.00 1023.00
2012932.00 509.00 1023.00
2014652.00 511.00 1023.00
2016372.00 506.00 1023.00
2018084.00 508.00 1023.00
2019796.00 509.00 1023.00
2021516.00 507.00 1023.00
2023232.00 511.00 1023.00
2024940.00 508.00 1023.00
2026660.00 509.00 1023.00
2028376.00 504.00 1023.00
2030088.00 509.00 1023.00
2031804.00 504.00 1023.00
2033520.00 515.00 1023.00
2035232.00 509.00 1023.00
2036948.00 508.00 1023.00
2038664.00 508.00 1023.00
2040376.00 508.00 1023.00
2042092.00 510.00 1023.00
2043808.00 507.00 1023.00
2045520.00 505.00 1023.00
2047236.00 507.00 1023.00
2048952.00 504.00 1023.00
2050660.00 506.00 1023.00
2052376.00 511.00 1023.00
2054092.00 511.00 1023.00
2055804.00 508.00 1023.00
2057524.00 508.00 1023.00
2059236.00 511.00 1023.00
2060948.00 505.00 1023.00
2062668.00 512.00 1023.00
2064380.00 508.00 1023.00
2066100.00 507.00 1022.00
2067820.00 510.00 1023.00
2069540.00 506.00 1023.00
2071252.00 503.00 1023.00
2072972.00 510.00 1023.00
2074692.00 508.00 1023.00
2076404.00 508.00 1022.00
2078124.00 510.00 1023.00
2079844.00 508.00 1023.00
2081556.00 508.00 1023.00
2083276.00 505.00 1023.00
2084996.00 507.00 1023.00
2086708.00 506.00 1023.00
2088420.00 508.00 1023.00
2090140.00 511.00 1023.00
2091852.00 510.00 1023.00
2093564.00 508.00 1023.00
2095284.00 509.00 1023.00
2096996.00 507.00 1023.00
2098708.00 506.00 1023.00
2100428.00 512.00 1023.00
2102140.00 511.00 1023.00
2103852.00 509.00 1023.00
2105572.00 511.00 1023.00
2107288.00 511.00 1023.00
2108996.00 507.00 1023.00
2110716.00 511.00 1023.00
2112432.00 506.00 1023.00
2114140.00 508.00 1023.00
2115860.00 509.00 1023.00
2117572.00 506.00 1023.00
2119284.00 510.00 1023.00
2121004.00 509.00 1023.00
2122716.00 509.00 1023.00
2124432.00 509.00 1023.00
2126148.00 507.00 1023.00
2127860.00 509.00 1023.00
2129572.00 506.00 1023.00
2131292.00 510.00 1023.00
2133012.00 505.00 1023.00
2134724.00 508.00 1023.00
2136444.00 507.00 1023.00
2138164.00 506.00 1022.00
2139876.00 510.00 1023.00
2141596.00 506.00 1023.00
2143316.00 509.00 1023.00
2145032.00 508.00 1023.00
2146748.00 505.00 1023.00
2148468.00 505.00 1023.00
2150180.00 509.00 1023.00
2151896.00 510.00 1023.00
2153612.00 509.00 1023.00
2155324.00 505.00 1023.00
2157036.00 508.00 1023.00
2158756.00 506.00 1023.00
2160468.00 508.00 1023.00
2162180.00 509.00 1023.00
2163900.00 507.00 1023.00
2165612.00 508.00 1023.00
2167324.00 509.00 1023.00
2169044.00 511.00 1023.00
2170756.00 508.00 1023.00
2172472.00 505.00 1023.00
2174188.00 506.00 1023.00
2175900.00 507.00 1023.00
2177616.00 507.00 1023.00
2179332.00 511.00 1023.00
2181044.00 503.00 1023.00
2182756.00 509.00 1023.00
2184476.00 507.00 1023.00
2186188.00 514.00 1023.00
2187904.00 506.00 1023.00
2189620.00 509.00 1023.00
2191332.00 510.00 1023.00
2193048.00 510.00 1023.00
2194764.00 505.00 1023.00
2196476.00 511.00 1023.00
2198200.00 509.00 1022.00
2199916.00 504.00 1023.00
2201636.00 507.00 1023.00
2203348.00 504.00 1023.00
2205068.00 508.00 1023.00
2206788.00 511.00 1023.00
2208500.00 512.00 1023.00
2210220.00 512.00 1023.00
2211940.00 506.00 1023.00
2213652.00 506.00 1023.00
2215372.00 511.00 1023.00
2217092.00 503.00 1023.00
2218804.00 507.00 1023.00
2220516.00 516.00 1023.00
2222236.00 510.00 1023.00
2223952.00 507.00 1023.00
2225664.00 511.00 1023.00
2227380.00 505.00 1023.00
2229092.00 508.00 1023.00
2230808.00 507.00 1023.00
2232524.00 505.00 1023.00
2234236.00 510.00 1023.00
2235952.00 510.00 1023.00
2237668.00 506.00 1023.00
2239384.00 505.00 1023.00
2241096.00 507.00 1023.00
2242812.00 509.00 1023.00
2244524.00 510.00 1023.00
2246236.00 510.00 1023.00
2247956.00 507.00 1023.00
2249672.00 509.00 1023.00
2251380.00 506.00 1023.00
2253100.00 507.00 1023.00
2254812.00 510.00 1023.00
2256524.00 509.00 1023.00
2258244.00 508.00 1023.00
2259956.00 505.00 1023.00
2261668.00 507.00 1023.00
2263388.00 506.00 1023.00
2265108.00 511.00 1023.00
2266824.00 508.00 1023.00
2268540.00 508.00 1023.00
2270260.00 505.00 1023.00
2271976.00 507.00 1023.00
2273692.00 508.00 1023.00
2275412.00 510.00 1023.00
2277124.00 509.00 1023.00
2278844.00 508.00 1023.00
2280564.00 507.00 1023.00
2282276.00 507.00 1022.00
2283988.00 505.00 1023.00
2285708.00 508.00 1023.00
2287424.00 510.00 1023.00
2289136.00 508.00 1023.00
2290852.00 507.00 1023.00
2292568.00 505.00 1023.00
2294276.00 511.00 1023.00
2295996.00 509.00 1023.00
2297712.00 509.00 1023.00
2299420.00 507.00 1023.00
2301140.00 507.00 1023.00
2302856.00 509.00 1023.00
2304568.00 506.00 1022.00
2306284.00 509.00 1023.00
2307996.00 506.00 1023.00
2309708.00 506.00 1023.00
2311428.00 512.00 1023.00
2313140.00 506.00 1023.00
2314852.00 508.00 1023.00
2316572.00 513.00 1023.00
2318288.00 510.00 1023.00
2319996.00 506.00 1023.00
2321716.00 511.00 1023.00
2323428.00 506.00 1023.00
2325140.00 508.00 1023.00
2326860.00 506.00 1023.00
2328572.00 504.00 1023.00
2330292.00 507.00 1023.00
2332012.00 507.00 1023.00
2333732.00 510.00 1023.00
2335448.00 513.00 1023.00
2337164.00 511.00 1023.00
2338884.00 504.00 1023.00
2340596.00 508.00 1023.00
2342316.00 508.00 1023.00
2344036.00 508.00 1023.00
2345748.00 511.00 1022.00
2347468.00 508.00 1023.00
2349188.00 510.00 1023.00
2350904.00 507.00 1023.00
2352616.00 509.00 1023.00
2354332.00 509.00 1023.00
2356048.00 508.00 1023.00
2357756.00 505.00 1023.00
2359476.00 510.00 1023.00
2361192.00 509.00 1023.00
2362904.00 510.00 1023.00
2364620.00 510.00 1023.00
2366336.00 508.00 1023.00
2368048.00 508.00 1022.00
2369764.00 508.00 1023.00
2371476.00 509.00 1023.00
2373192.00 512.00 1023.00
2374908.00 510.00 1023.00
2376624.00 510.00 1023.00
2378336.00 506.00 1023.00
2380052.00 511.00 1023.00
2381768.00 510.00 1022.00
2383476.00 506.00 1023.00
2385196.00 510.00 1023.00
2386912.00 508.00 1023.00
2388624.00 506.00 1023.00
2390340.00 507.00 1023.00
2392056.00 513.00 1023.00
2393768.00 507.00 1023.00
2395484.00 507.00 1023.00
2397204.00 507.00 1023.00
2398920.00 507.00 1023.00
2400636.00 505.00 1023.00
2402356.00 506.00 1023.00
2404072.00 510.00 1023.00
2405788.00 507.00 1023.00
2407508.00 511.00 1023.00
2409224.00 507.00 1023.00
2410940.00 510.00 1023.00
2412660.00 506.00 1023.00
2414376.00 506.00 1023.00
2416088.00 504.00 1023.00
2417804.00 507.00 1023.00
2419516.00 506.00 1023.00
2421232.00 507.00 1023.00
2422948.00 512.00 1023.00
2424664.00 512.00 1023.00
2426376.00 508.00 1023.00
2428092.00 506.00 1023.00
2429808.00 506.00 1023.00
2431520.00 509.00 1023.00
2433236.00 507.00 1023.00
2434952.00 506.00 1023.00
2436664.00 506.00 1023.00
2438380.00 508.00 1023.00
2440096.00 509.00 1023.00
2441804.00 506.00 1023.00
2443524.00 508.00 1023.00
2445240.00 506.00 1023.00
2446948.00 508.00 1023.00
2448668.00 508.00 1023.00
2450380.00 507.00 1023.00
2452096.00 509.00 1023.00
2453812.00 510.00 1023.00
2455528.00 508.00 1023.00
2457240.00 510.00 1023.00
2458956.00 511.00 1023.00
2460668.00 511.00 1023.00
2462388.00 509.00 1023.00
2464108.00 508.00 1023.00
2465828.00 509.00 1023.00
2467540.00 506.00 1023.00
2469260.00 509.00 1023.00
2470980.00 506.00 1023.00
2472692.00 505.00 1023.00
2474412.00 508.00 1023.00
2476132.00 508.00 1023.00
2477848.00 510.00 1023.00
2479564.00 511.00 1023.00
2481284.00 510.00 1023.00
2482996.00 509.00 1023.00
2484712.00 512.00 1023.00
2486428.00 512.00 1023.00
2488140.00 512.00 1023.00
2489856.00 509.00 1023.00
2491572.00 509.00 1023.00
2493288.00 504.00 1023.00
2494996.00 508.00 1023.00
2496716.00 507.00 1023.00
2498428.00 505.00 1023.00
2500144.00 509.00 1023.00
2501860.00 507.00 1023.00
2503576.00 509.00 1023.00
2505288.00 507.00 1023.00
2507004.00 512.00 1023.00
2508720.00 508.00 1023.00
2510432.00 509.00 1023.00
2512148.00 508.00 1023.00
2513860.00 507.00 1023.00
2515576.00 508.00 1023.00
2517292.00 511.00 1023.00
2519008.00 510.00 1023.00
2520720.00 511.00 1023.00
2522436.00 506.00 1023.00
2524152.00 507.00 1023.00
2525864.00 507.00 1023.00
2527580.00 510.00 1023.00
2529300.00 508.00 1023.00
2531012.00 509.00 1023.00
2532732.00 508.00 1023.00
2534452.00 510.00 1023.00
2536164.00 511.00 1022.00
2537884.00 510.00 1023.00
2539604.00 510.00 1023.00
2541316.00 509.00 1023.00
2543036.00 506.00 1023.00
2544756.00 507.00 1023.00
2546472.00 511.00 1023.00
2548184.00 512.00 1023.00
2549900.00 508.00 1023.00
2551616.00 508.00 1023.00
2553328.00 506.00 1023.00
2555044.00 508.00 1023.00
2556760.00 506.00 1023.00
2558472.00 510.00 1023.00
2560192.00 507.00 1023.00
2561900.00 510.00 1023.00
2563612.00 510.00 1023.00
2565332.00 509.00 1023.00
2567044.00 508.00 1023.00
2568756.00 507.00 1023.00
2570476.00 507.00 1023.00
2572188.00 506.00 1023.00
2573900.00 506.00 1023.00
2575620.00 507.00 1023.00
2577332.00 506.00 1023.00
2579044.00 510.00 1023.00
2580764.00 511.00 1023.00
2582476.00 506.00 1023.00
2584188.00 507.00 1023.00
2585908.00 508.00 1023.00
2587620.00 510.00 1023.00
2589332.00 508.00 1023.00
2591052.00 510.00 1023.00
2592764.00 506.00 1023.00
2594484.00 508.00 1023.00
2596204.00 503.00 1023.00
2597924.00 507.00 1023.00
2599636.00 510.00 1023.00
2601356.00 507.00 1023.00
2603076.00 506.00 1023.00
2604788.00 510.00 1023.00
2606508.00 506.00 1023.00
2608228.00 506.00 1023.00
2609940.00 507.00 1023.00
2611660.00 508.00 1023.00
2613380.00 508.00 1023.00
2615092.00 508.00 1023.00
2616804.00 509.00 1023.00
2618524.00 506.00 1023.00
2620240.00 507.00 1023.00
2621948.00 505.00 1023.00
2623668.00 508.00 1023.00
2625380.00 508.00 1023.00
2627092.00 507.00 1023.00
2628812.00 513.00 1023.00
2630524.00 508.00 1023.00
2632236.00 507.00 1023.00
2633956.00 508.00 1023.00
2635668.00 507.00 1023.00
2637380.00 506.00 1023.00
2639100.00 511.00 1023.00
2640816.00 511.00 1023.00
2642524.00 508.00 1023.00
2644244.00 506.00 1023.00
2645956.00 511.00 1023.00
2647668.00 506.00 1023.00
2649388.00 505.00 1023.00
2651100.00 509.00 1023.00
2652812.00 507.00 1023.00
2654532.00 506.00 1023.00
2656244.00 508.00 1023.00
2657956.00 508.00 1023.00
2659676.00 501.00 1023.00
2661396.00 510.00 1023.00
2663112.00 506.00 1023.00
2664828.00 510.00 1023.00
2666548.00 504.00 1023.00
2668260.00 512.00 1023.00
2669980.00 509.00 1023.00
2671700.00 507.00 1023.00
2673412.00 510.00 1023.00
2675132.00 509.00 1023.00
2676852.00 510.00 1023.00
2678564.00 510.00 1023.00
2680276.00 506.00 1023.00
2681996.00 509.00 1023.00
2683708.00 509.00 1023.00
2685420.00 507.00 1023.00
2687140.00 507.00 1023.00
2688856.00 506.00 1023.00
2690564.00 508.00 1023.00
2692284.00 510.00 1023.00
2693996.00 510.00 1023.00
2695708.00 511.00 1023.00
2697428.00 508.00 1023.00
2699140.00 508.00 1023.00
2700852.00 509.00 1023.00
2702572.00 507.00 1023.00
2704284.00 507.00 1023.00
2705996.00 510.00 1023.00
2707716.00 508.00 1023.00
2709428.00 508.00 1023.00
2711140.00 512.00 1023.00
2712860.00 507.00 1023.00
2714572.00 513.00 1023.00
2716284.00 506.00 1023.00
2718004.00 508.00 1023.00
2719716.00 507.00 1023.00
2721432.00 512.00 1023.00
2723148.00 511.00 1023.00
2724864.00 507.00 1023.00
2726580.00 509.00 1023.00
2728300.00 506.00 1023.00
2730020.00 506.00 1023.00
2731732.00 509.00 1023.00
2733452.00 508.00 1023.00
2735172.00 508.00 1023.00
2736888.00 509.00 1023.00
2738604.00 511.00 1023.00
2740324.00 511.00 1023.00
2742036.00 509.00 1023.00
2743756.00 508.00 1023.00
2745476.00 511.00 1023.00
2747188.00 509.00 1023.00
2748904.00 506.00 1023.00
2750620.00 512.00 1023.00
2752336.00 513.00 1023.00
2754044.00 511.00 1023.00
2755764.00 510.00 1023.00
2757476.00 511.00 1023.00
2759192.00 508.00 1023.00
2760908.00 508.00 1023.00
2762620.00 510.00 1023.00
2764336.00 508.00 1023.00
2766052.00 506.00 1023.00
2767764.00 507.00 1023.00
2769476.00 509.00 1023.00
2771196.00 505.00 1023.00
2772912.00 511.00 1023.00
2774624.00 511.00 1023.00
2776340.00 508.00 1023.00
2778052.00 509.00 1023.00
2779764.00 507.00 1022.00
2781484.00 505.00 1023.00
2783196.00 509.00 1023.00
2784912.00 506.00 1022.00
2786628.00 509.00 1023.00
2788340.00 510.00 1023.00
2790052.00 506.00 1023.00
2791772.00 509.00 1023.00
2793492.00 505.00 1023.00
2795208.00 511.00 1023.00
2796924.00 508.00 1023.00
2798644.00 511.00 1023.00
2800360.00 506.00 1023.00
2802076.00 505.00 1023.00
2803796.00 509.00 1023.00
2805512.00 509.00 1023.00
2807228.00 507.00 1023.00
2808948.00 508.00 1023.00
2810660.00 511.00 1023.00
2812376.00 504.00 1023.00
2814092.00 507.00 1023.00
2815808.00 505.00 1023.00
2817520.00 508.00 1023.00
2819236.00 509.00 1023.00
2820948.00 510.00 1023.00
2822660.00 509.00 1023.00
2824380.00 513.00 1023.00
2826092.00 509.00 1023.00
2827804.00 510.00 1023.00
2829524.00 508.00 1023.00
2831236.00 511.00 1023.00
2832952.00 506.00 1023.00
2834668.00 508.00 1023.00
2836380.00 508.00 1023.00
2838096.00 510.00 1023.00
2839812.00 512.00 1023.00
2841528.00 505.00 1023.00
2843240.00 509.00 1023.00
2844956.00 508.00 1023.00
2846668.00 508.00 1023.00
2848384.00 511.00 1023.00
2850100.00 505.00 1023.00
2851812.00 508.00 1023.00
2853528.00 508.00 1023.00
2855244.00 507.00 1023.00
2856956.00 506.00 1023.00
2858680.00 506.00 1023.00
2860396.00 510.00 1023.00
2862116.00 505.00 1023.00
2863832.00 509.00 1023.00
2865548.00 509.00 1023.00
2867268.00 509.00 1023.00
2868980.00 508.00 1023.00
2870700.00 506.00 1023.00
2872420.00 510.00 1023.00
2874132.00 509.00 1023.00
2875852.00 507.00 1023.00
2877572.00 510.00 1023.00
2879288.00 510.00 1023.00
2881000.00 512.00 1023.00
2882716.00 510.00 1023.00
2884428.00 509.00 1023.00
2886140.00 509.00 1023.00
2887860.00 509.00 1023.00
2889572.00 511.00 1023.00
2891288.00 509.00 1023.00
2893004.00 507.00 1023.00
2894716.00 510.00 1023.00
2896432.00 508.00 1023.00
2898148.00 509.00 1023.00
2899860.00 510.00 1023.00
2901572.00 506.00 1023.00
2903292.00 507.00 1022.00
2905004.00 510.00 1023.00
2906716.00 510.00 1023.00
2908436.00 505.00 1023.00
2910148.00 509.00 1023.00
2911864.00 507.00 1023.00
2913580.00 509.00 1022.00
2915296.00 509.00 1023.00
2917004.00 516.00 1023.00
2918724.00 508.00 1023.00
2920436.00 511.00 1021.00
2922148.00 510.00 1023.00
2923868.00 511.00 1023.00
2925588.00 508.00 1023.00
2927304.00 508.00 1023.00
2929020.00 509.00 1023.00
2930740.00 503.00 1023.00
2932456.00 508.00 1023.00
2934172.00 508.00 1023.00
2935892.00 512.00 1023.00
2937608.00 511.00 1023.00
2939324.00 507.00 1022.00
2941044.00 508.00 1023.00
2942760.00 508.00 1023.00
2944472.00 507.00 1023.00
2946188.00 511.00 1023.00
2947904.00 506.00 1023.00
2949616.00 510.00 1023.00
2951332.00 513.00 1023.00
2953048.00 509.00 1023.00
2954756.00 510.00 1023.00
2956476.00 504.00 1023.00
2958192.00 506.00 1023.00
2959904.00 509.00 1023.00
2961620.00 511.00 1023.00
2963332.00 508.00 1023.00
2965044.00 508.00 1023.00
2966764.00 508.00 1023.00
2968476.00 509.00 1023.00
2970192.00 508.00 1023.00
2971908.00 508.00 1023.00
2973620.00 507.00 1023.00
2975332.00 508.00 1023.00
2977052.00 509.00 1023.00
2978764.00 509.00 1023.00
2980476.00 507.00 1023.00
2982196.00 509.00 1023.00
2983912.00 504.00 1023.00
2985624.00 511.00 1023.00
2987340.00 511.00 1023.00
2989060.00 509.00 1023.00
2990776.00 509.00 1023.00
2992492.00 503.00 1023.00
2994212.00 508.00 1023.00
2995928.00 505.00 1022.00
2997644.00 507.00 1023.00
2999364.00 507.00 1023.00
3001080.00 511.00 1023.00
3002800.00 505.00 1023.00
3004520.00 508.00 1023.00
3006236.00 508.00 1023.00
3007960.00 506.00 1023.00
3009688.00 505.00 1023.00
3011408.00 505.00 1023.00
3013128.00 508.00 1023.00
3014856.00 510.00 1023.00
3016572.00 509.00 1023.00
3018292.00 510.00 1023.00
3020016.00 508.00 1023.00
3021740.00 506.00 1023.00
3023460.00 509.00 1023.00
3025184.00 507.00 1023.00
3026908.00 510.00 1023.00
3028628.00 515.00 1022.00
3030352.00 507.00 1023.00
3032080.00 508.00 1023.00
3033800.00 507.00 1023.00
3035528.00 506.00 1023.00
3037248.00 504.00 1022.00
3038972.00 509.00 1023.00
3040696.00 511.00 1023.00
3042424.00 505.00 1023.00
3044136.00 509.00 1023.00
3045856.00 512.00 1023.00
3047584.00 510.00 1023.00
3049308.00 509.00 1023.00
3051024.00 508.00 1023.00
3052752.00 505.00 1023.00
3054476.00 511.00 1023.00
3056196.00 508.00 1023.00
3057920.00 509.00 1023.00
3059632.00 511.00 1023.00
3061356.00 509.00 1023.00
3063080.00 509.00 1023.00
3064804.00 508.00 1023.00
3066524.00 510.00 1023.00
3068248.00 509.00 1023.00
3069976.00 509.00 1023.00
3071700.00 504.00 1023.00
3073428.00 508.00 1023.00
3075152.00 508.00 1023.00
3076864.00 509.00 1023.00
3078592.00 509.00 1023.00
3080312.00 507.00 1023.00
3082024.00 511.00 1023.00
3083744.00 507.00 1023.00
3085472.00 505.00 1023.00
3087184.00 507.00 1023.00
3088908.00 507.00 1023.00
3090632.00 507.00 1023.00
3092344.00 508.00 1023.00
3094068.00 508.00 1023.00
3095792.00 506.00 1023.00
3097508.00 507.00 1023.00
3099228.00 507.00 1023.00
3100952.00 509.00 1023.00
3102664.00 505.00 1023.00
3104388.00 510.00 1023.00
3106112.00 508.00 1023.00
3107828.00 511.00 1023.00
3109548.00 506.00 1022.00
3111272.00 505.00 1023.00
3113000.00 510.00 1023.00
3114720.00 508.00 1023.00
3116448.00 508.00 1023.00
3118168.00 511.00 1023.00
3119888.00 508.00 1023.00
3121616.00 506.00 1023.00
3123344.00 507.00 1023.00
3125056.00 508.00 1023.00
3126776.00 507.00 1023.00
3128504.00 510.00 1023.00
3130216.00 511.00 1023.00
3131940.00 508.00 1023.00
3133664.00 508.00 1023.00
3135384.00 508.00 1023.00
3137108.00 511.00 1023.00
3138832.00 510.00 1023.00
3140544.00 511.00 1023.00
3142268.00 506.00 1023.00
3143992.00 510.00 1023.00
3145716.00 506.00 1023.00
3147436.00 507.00 1023.00
3149160.00 508.00 1023.00
3150888.00 510.00 1023.00
3152604.00 510.00 1023.00
3154328.00 512.00 1023.00
3156056.00 507.00 1023.00
3157768.00 504.00 1023.00
3159496.00 506.00 1023.00
3161216.00 505.00 1023.00
3162940.00 509.00 1023.00
3164660.00 508.00 1023.00
3166384.00 508.00 1023.00
3168108.00 508.00 1023.00
3169824.00 509.00 1023.00
3171552.00 505.00 1023.00
3173276.00 508.00 1023.00
3174996.00 507.00 1023.00
3176720.00 510.00 1023.00
3178444.00 511.00 1023.00
3180164.00 510.00 1023.00
3181888.00 513.00 1023.00
3183604.00 510.00 1023.00
3185324.00 510.00 1023.00
3187048.00 512.00 1023.00
3188776.00 508.00 1023.00
3190500.00 508.00 1023.00
3192224.00 510.00 1023.00
3193952.00 505.00 1023.00
3195676.00 505.00 1023.00
3197400.00 507.00 1023.00
3199128.00 510.00 1023.00
3200852.00 510.00 1023.00
3202568.00 509.00 1023.00
3204284.00 507.00 1023.00
3206000.00 508.00 1023.00
3207720.00 507.00 1023.00
3209448.00 510.00 1023.00
3211160.00 508.00 1023.00
3212880.00 510.00 1023.00
3214608.00 508.00 1023.00
3216320.00 509.00 1023.00
3218040.00 506.00 1023.00
3219768.00 508.00 1023.00
3221480.00 503.00 1023.00
3223200.00 505.00 1023.00
3224928.00 508.00 1023.00
3226648.00 510.00 1023.00
3228360.00 508.00 1023.00
3230088.00 511.00 1023.00
3231808.00 508.00 1023.00
3233524.00 508.00 1023.00
3235248.00 507.00 1023.00
3236968.00 510.00 1023.00
3238680.00 509.00 1023.00
3240408.00 503.00 1023.00
3242128.00 508.00 1023.00
3243840.00 508.00 1023.00
3245560.00 506.00 1023.00
3247288.00 507.00 1023.00
3249000.00 507.00 1023.00
3250720.00 508.00 1023.00
3252448.00 514.00 1023.00
3254160.00 511.00 1023.00
3255884.00 508.00 1023.00
3257608.00 506.00 1023.00
3259328.00 511.00 1023.00
3261052.00 511.00 1023.00
3262776.00 507.00 1023.00
3264500.00 510.00 1023.00
3266216.00 506.00 1023.00
3267944.00 512.00 1023.00
3269664.00 508.00 1023.00
3271380.00 505.00 1023.00
3273104.00 509.00 1023.00
3274832.00 509.00 1023.00
3276556.00 511.00 1023.00
3278280.00 503.00 1023.00
3280004.00 505.00 1023.00
3281720.00 508.00 1023.00
3283432.00 508.00 1023.00
3285148.00 508.00 1023.00
3286864.00 511.00 1023.00
3288576.00 507.00 1023.00
3290304.00 508.00 1023.00
3292016.00 507.00 1023.00
3293728.00 506.00 1023.00
3295456.00 508.00 1023.00
3297168.00 512.00 1023.00
3298888.00 509.00 1023.00
3300612.00 509.00 1023.00
3302328.00 506.00 1023.00
3304048.00 505.00 1023.00
3305772.00 508.00 1023.00
3307488.00 511.00 1023.00
3309208.00 507.00 1023.00
3310936.00 508.00 1023.00
3312656.00 512.00 1023.00
3314368.00 508.00 1023.00
3316096.00 506.00 1023.00
3317816.00 506.00 1023.00
3319528.00 508.00 1023.00
3321256.00 509.00 1023.00
3322976.00 511.00 1023.00
3324688.00 509.00 1023.00
3326416.00 507.00 1023.00
3328136.00 509.00 1023.00
3329848.00 512.00 1023.00
3331560.00 505.00 1023.00
3333280.00 507.00 1023.00
3334992.00 506.00 1023.00
3336704.00 508.00 1023.00
3338432.00 512.00 1023.00
3340144.00 510.00 1023.00
3341864.00 509.00 1023.00
3343592.00 510.00 1023.00
3345304.00 506.00 1023.00
3347024.00 509.00 1023.00
3348752.00 507.00 1023.00
3350464.00 508.00 1023.00
3352184.00 508.00 1023.00
3353912.00 508.00 1023.00
3355624.00 508.00 1023.00
3357344.00 504.00 1023.00
3359072.00 506.00 1023.00
3360792.00 504.00 1023.00
3362504.00 508.00 1023.00
3364232.00 510.00 1023.00
3365952.00 508.00 1023.00
3367664.00 509.00 1023.00
3369392.00 508.00 1023.00
3371112.00 510.00 1023.00
3372824.00 508.00 1023.00
3374552.00 504.00 1023.00
3376272.00 507.00 1023.00
3377984.00 507.00 1023.00
3379704.00 511.00 1023.00
3381432.00 508.00 1023.00
3383144.00 505.00 1023.00
3384864.00 508.00 1023.00
3386592.00 508.00 1023.00
3388304.00 510.00 1023.00
3390024.00 507.00 1023.00
3391752.00 508.00 1023.00
3393468.00 506.00 1023.00
3395184.00 509.00 1023.00
3396912.00 509.00 1023.00
3398624.00 510.00 1023.00
3400344.00 508.00 1023.00
3402072.00 508.00 1023.00
3403792.00 506.00 1023.00
3405504.00 505.00 1023.00
3407232.00 509.00 1023.00
3408952.00 505.00 1023.00
3410664.00 507.00 1023.00
3412392.00 510.00 1023.00
3414112.00 508.00 1023.00
3415832.00 509.00 1023.00
3417560.00 511.00 1023.00
3419280.00 511.00 1023.00
3421000.00 512.00 1023.00
3422720.00 509.00 1023.00
3424448.00 509.00 1023.00
3426160.00 509.00 1023.00
3427880.00 513.00 1023.00
3429608.00 506.00 1023.00
3431320.00 508.00 1023.00
3433040.00 508.00 1023.00
3434768.00 509.00 1023.00
3436480.00 505.00 1023.00
3438200.00 508.00 1023.00
3439928.00 508.00 1023.00
3441644.00 509.00 1023.00
3443360.00 511.00 1023.00
3445088.00 506.00 1023.00
3446808.00 508.00 1023.00
3448520.00 507.00 1023.00
3450248.00 510.00 1023.00
3451968.00 509.00 1023.00
3453680.00 510.00 1023.00
3455408.00 507.00 1023.00
3457128.00 507.00 1023.00
3458848.00 511.00 1023.00
3460568.00 510.00 1023.00
3462296.00 508.00 1023.00
3464008.00 508.00 1023.00
3465728.00 512.00 1023.00
3467456.00 509.00 1023.00
3469168.00 506.00 1023.00
3470888.00 507.00 1023.00
3472616.00 509.00 1023.00
3474328.00 508.00 1023.00
3476048.00 509.00 1023.00
3477776.00 508.00 1023.00
3479488.00 510.00 1023.00
3481212.00 510.00 1023.00
3482936.00 511.00 1023.00
3484656.00 507.00 1022.00
3486376.00 506.00 1023.00
3488104.00 505.00 1023.00
3489824.00 508.00 1023.00
3491536.00 510.00 1023.00
3493264.00 510.00 1023.00
3494984.00 508.00 1023.00
3496696.00 510.00 1023.00
3498424.00 505.00 1023.00
3500144.00 509.00 1023.00
3501860.00 507.00 1023.00
3503580.00 508.00 1023.00
3505304.00 510.00 1023.00
3507024.00 507.00 1023.00
3508748.00 509.00 1023.00
3510472.00 504.00 1023.00
3512184.00 512.00 1023.00
3513908.00 508.00 1023.00
3515632.00 511.00 1023.00
3517356.00 506.00 1023.00
3519076.00 509.00 1023.00
3520800.00 506.00 1023.00
3522520.00 505.00 1023.00
3524240.00 507.00 1023.00
3525968.00 507.00 1023.00
3527688.00 508.00 1023.00
3529400.00 507.00 1023.00
3531128.00 509.00 1023.00
3532848.00 509.00 1023.00
3534560.00 508.00 1023.00
3536280.00 507.00 1023.00
3538000.00 514.00 1023.00
3539712.00 509.00 1023.00
3541440.00 504.00 1023.00
3543160.00 507.00 1023.00
3544872.00 509.00 1023.00
3546592.00 510.00 1023.00
3548320.00 505.00 1023.00
3550032.00 508.00 1023.00
3551756.00 508.00 1023.00
3553480.00 506.00 1023.00
3555200.00 507.00 1023.00
3556920.00 506.00 1023.00
3558648.00 510.00 1023.00
3560360.00 505.00 1023.00
3562080.00 505.00 1023.00
3563808.00 509.00 1023.00
3565520.00 506.00 1023.00
3567240.00 507.00 1023.00
3568968.00 508.00 1023.00
3570680.00 509.00 1023.00
3572404.00 511.00 1023.00
3574128.00 507.00 1023.00
3575856.00 506.00 1023.00
3577580.00 509.00 1023.00
3579304.00 505.00 1023.00
3581032.00 514.00 1023.00
3582756.00 503.00 1023.00
3584476.00 506.00 1023.00
3586200.00 512.00 1023.00
3587912.00 507.00 1023.00
3589632.00 509.00 1023.00
3591360.00 508.00 1023.00
3593072.00 508.00 1023.00
3594792.00 511.00 1023.00
3596520.00 507.00 1023.00
3598244.00 509.00 1023.00
3599960.00 511.00 1023.00
3601688.00 508.00 1023.00
3603408.00 507.00 1023.00
3605128.00 511.00 1023.00
3606856.00 508.00 1023.00
3608568.00 507.00 1022.00
3610288.00 509.00 1023.00
3612016.00 511.00 1023.00
3613736.00 508.00 1023.00
3615448.00 509.00 1023.00
3617176.00 510.00 1023.00
3618896.00 507.00 1023.00
3620608.00 506.00 1023.00
3622336.00 509.00 1023.00
3624056.00 506.00 1023.00
3625768.00 513.00 1023.00
3627488.00 510.00 1023.00
3629216.00 511.00 1023.00
3630928.00 509.00 1023.00
3632648.00 506.00 1023.00
3634376.00 510.00 1023.00
3636092.00 510.00 1023.00
3637808.00 507.00 1023.00
3639536.00 507.00 1023.00
3641248.00 512.00 1023.00
3642968.00 508.00 1023.00
3644696.00 509.00 1023.00
3646412.00 506.00 1023.00
3648128.00 514.00 1023.00
3649856.00 509.00 1023.00
3651568.00 507.00 1023.00
3653288.00 507.00 1023.00
3655016.00 505.00 1023.00
3656736.00 509.00 1023.00
3658456.00 508.00 1023.00
3660184.00 510.00 1023.00
3661904.00 507.00 1023.00
3663620.00 509.00 1023.00
3665344.00 507.00 1023.00
3667064.00 505.00 1023.00
3668780.00 511.00 1023.00
3670500.00 508.00 1023.00
3672224.00 508.00 1023.00
3673940.00 506.00 1023.00
3675656.00 510.00 1023.00
3677384.00 510.00 1023.00
3679108.00 507.00 1023.00
3680828.00 509.00 1023.00
3682552.00 509.00 1023.00
3684268.00 507.00 1023.00
3685984.00 507.00 1023.00
3687712.00 509.00 1023.00
3689432.00 508.00 1023.00
3691152.00 508.00 1023.00
3692880.00 512.00 1023.00
3694600.00 507.00 1023.00
3696312.00 508.00 1023.00
3698040.00 511.00 1023.00
3699760.00 510.00 1023.00
3701472.00 510.00 1023.00
3703200.00 511.00 1023.00
3704920.00 504.00 1023.00
3706632.00 506.00 1023.00
3708360.00 506.00 1023.00
3710088.00 508.00 1023.00
3711800.00 506.00 1023.00
3713524.00 510.00 1023.00
3715248.00 509.00 1023.00
3716960.00 507.00 1023.00
3718680.00 512.00 1023.00
3720408.00 510.00 1023.00
3722120.00 507.00 1023.00
3723840.00 505.00 1023.00
3725568.00 507.00 1023.00
3727280.00 507.00 1023.00
3729004.00 514.00 1023.00
3730728.00 509.00 1023.00
3732440.00 512.00 1023.00
3734164.00 506.00 1023.00
3735888.00 511.00 1023.00
3737608.00 509.00 1023.00
3739328.00 506.00 1023.00
3741056.00 506.00 1023.00
3742776.00 509.00 1023.00
3744488.00 507.00 1023.00
3746216.00 509.00 1023.00
3747936.00 510.00 1023.00
3749648.00 513.00 1023.00
3751376.00 511.00 1023.00
3753096.00 509.00 1023.00
3754816.00 507.00 1023.00
3756540.00 506.00 1023.00
3758264.00 510.00 1023.00
3759988.00 510.00 1023.00
3761708.00 509.00 1023.00
3763432.00 508.00 1023.00
3765144.00 507.00 1023.00
3766868.00 507.00 1023.00
3768592.00 508.00 1023.00
3770312.00 509.00 1023.00
3772036.00 508.00 1021.00
3773760.00 507.00 1022.00
3775472.00 510.00 1023.00
3777196.00 505.00 1022.00
3778920.00 503.00 1023.00
3780640.00 511.00 1023.00
3782352.00 511.00 1023.00
3784080.00 507.00 1023.00
3785808.00 509.00 1023.00
3787524.00 509.00 1023.00
3789248.00 510.00 1023.00
3790976.00 510.00 1023.00
3792692.00 510.00 1023.00
3794408.00 509.00 1023.00
3796136.00 511.00 1023.00
3797852.00 511.00 1023.00
3799572.00 507.00 1023.00
3801296.00 508.00 1023.00
3803020.00 507.00 1023.00
3804740.00 507.00 1023.00
3806464.00 506.00 1023.00
3808188.00 510.00 1023.00
3809904.00 512.00 1023.00
3811632.00 505.00 1023.00
3813356.00 508.00 1023.00
3815076.00 510.00 1023.00
3816800.00 506.00 1023.00
3818528.00 507.00 1023.00
3820244.00 508.00 1023.00
3821968.00 508.00 1023.00
3823688.00 509.00 1023.00
3825412.00 510.00 1023.00
3827136.00 508.00 1023.00
3828864.00 510.00 1023.00
3830588.00 505.00 1023.00
3832308.00 512.00 1023.00
3834032.00 508.00 1023.00
3835756.00 513.00 1023.00
3837476.00 508.00 1023.00
3839200.00 510.00 1023.00
3840924.00 508.00 1023.00
3842640.00 510.00 1023.00
3844368.00 507.00 1023.00
3846080.00 509.00 1023.00
3847800.00 507.00 1023.00
3849528.00 507.00 1023.00
3851244.00 509.00 1023.00
3852960.00 510.00 1023.00
3854688.00 505.00 1023.00
3856408.00 508.00 1023.00
3858120.00 509.00 1023.00
3859848.00 507.00 1023.00
3861568.00 513.00 1023.00
3863284.00 511.00 1023.00
3865008.00 509.00 1023.00
3866728.00 507.00 1023.00
3868440.00 511.00 1023.00
3870168.00 508.00 1023.00
3871888.00 509.00 1023.00
3873612.00 513.00 1023.00
3875328.00 507.00 1023.00
3877056.00 511.00 1023.00
3878772.00 509.00 1023.00
3880488.00 506.00 1023.00
3882216.00 506.00 1023.00
3883932.00 508.00 1023.00
3885652.00 507.00 1023.00
3887376.00 509.00 1023.00
3889100.00 509.00 1023.00
3890820.00 513.00 1023.00
3892544.00 509.00 1023.00
3894264.00 505.00 1023.00
3895984.00 507.00 1023.00
3897712.00 510.00 1023.00
3899440.00 512.00 1023.00
3901152.00 510.00 1023.00
3902880.00 505.00 1023.00
3904608.00 511.00 1023.00
3906320.00 508.00 1023.00
3908048.00 509.00 1023.00
3909768.00 511.00 1023.00
3911480.00 508.00 1023.00
3913204.00 512.00 1023.00
3914928.00 509.00 1023.00
3916652.00 509.00 1023.00
3918372.00 509.00 1023.00
3920096.00 509.00 1023.00
3921816.00 504.00 1023.00
3923540.00 507.00 1023.00
3925264.00 505.00 1023.00
3926980.00 511.00 1023.00
3928700.00 506.00 1023.00
3930424.00 511.00 1023.00
3932148.00 511.00 1023.00
3933868.00 508.00 1023.00
3935592.00 507.00 1023.00
3937312.00 509.00 1023.00
3939032.00 506.00 1023.00
3940760.00 508.00 1023.00
3942480.00 505.00 1023.00
3944192.00 509.00 1023.00
3945912.00 508.00 1023.00
3947632.00 505.00 1023.00
3949344.00 509.00 1023.00
3951064.00 506.00 1023.00
3952792.00 504.00 1023.00
3954512.00 509.00 1023.00
3956236.00 505.00 1023.00
3957960.00 508.00 1023.00
3959672.00 507.00 1022.00
3961396.00 507.00 1023.00
3963120.00 512.00 1023.00
3964844.00 507.00 1023.00
3966560.00 505.00 1023.00
3968288.00 509.00 1023.00
3970008.00 507.00 1023.00
3971728.00 511.00 1023.00
3973456.00 511.00 1023.00
3975184.00 505.00 1023.00
3976900.00 509.00 1023.00
3978624.00 509.00 1023.00
3980344.00 510.00 1023.00
3982060.00 506.00 1023.00
3983784.00 510.00 1023.00
3985512.00 510.00 1023.00
3987236.00 509.00 1023.00
3988952.00 506.00 1023.00
3990680.00 511.00 1023.00
3992404.00 505.00 1023.00
3994124.00 508.00 1023.00
3995848.00 506.00 1023.00
3997560.00 507.00 1023.00
3999284.00 508.00 1023.00
4001008.00 508.00 1023.00
END
