8220 510 1023
99049168 510 1023
99050120 509 1023
99051072 510 1023
99052024 509 1023
99052976 510 1023
3
99047268 509 1023
99048220 510 1023
99049168 510 1023
99050120 509 1023
99051072 510 1023
99052024 509 1023
99052976 510 1023
Start

time_(μs) raw_current raw_low_voltage
316 519 964
1092 514 963
1808 511 975
2532 511 999
3264 510 992
3984 508 985
4712 509 983
5440 510 977
6168 509 973
6888 510 972
7616 509 974
8344 509 975
9064 509 980
9784 510 990
10512 509 995
11280 509 1000
12088 509 1006
12896 509 999
13664 510 999
14432 509 994
15196 509 995
15964 510 996
16740 509 998
17512 510 1003
18320 510 1004
19128 510 1010
19944 509 1013
20756 509 1017
21572 509 1023
22384 509 1023
23192 510 1023
24008 509 1023
24820 508 1023
25636 509 1023
26448 510 1023
27256 509 1023
28068 509 1023
28884 509 1023
29700 509 1023
30512 509 1023
31320 510 1023
32136 509 1023
32948 509 1023
33760 509 1023
34568 511 1023
35380 510 1023
36200 510 1023
37012 509 1023
37824 509 1023
38632 509 1023
39444 510 1023
40264 509 1023
41076 509 1023
41888 509 1023
42696 510 1023
43508 510 1023
44328 509 1023
45140 509 1023
45952 509 1023
46760 509 1023
47572 509 1023
48392 511 1023
49208 509 1023
50016 510 1023
50824 510 1023
51640 509 1023
52452 510 1023
53272 510 1023
54080 509 1023
54888 510 1023
55700 510 1023
56520 509 1023
57328 509 1023
58136 510 1023
58952 509 1023
59768 509 1023
60584 509 1023
61392 509 1023
62200 509 1023
63016 510 1023
63832 509 1023
64648 509 1023
65456 510 1023
66264 509 1023
67076 509 1023
67896 509 1023
68708 509 1023
69520 509 1023
70328 508 1023
71144 509 1023
71960 509 1023
72776 510 1023
73584 509 1023
74392 509 1023
75208 509 1023
76024 510 1023
76840 510 1023
77648 509 1023
78456 509 1023
79272 509 1023
80088 509 1023
80900 510 1023
81712 509 1023
82520 509 1023
83332 509 1023
84148 509 1023
84960 510 1023
85768 509 1023
86580 509 1023
87396 509 1023
88216 509 1023
89024 509 1023
89832 510 1023
90644 509 1023
91460 509 1023
92280 510 1023
93088 509 1023
93896 509 1023
94712 509 1023
95528 509 1023
96344 510 1023
97152 509 1023
97960 509 1023
98772 509 1023
99592 509 1023
100408 509 1023
101260 509 1023
102116 509 1023
102980 510 1023
103832 509 1023
104688 509 1023
105544 510 1023
106396 509 1023
107252 509 1023
108112 509 1023
108968 510 1023
109824 510 1023
110680 509 1023
111532 509 1023
112388 509 1023
113248 510 1023
114104 509 1023
114960 509 1023
115816 511 1023
116668 510 1023
117524 509 1023
118388 509 1023
119244 509 1023
120096 509 1023
120952 510 1023
121804 509 1023
122660 509 1023
123516 510 1023
124380 509 1023
125232 509 1023
126088 510 1023
126940 509 1023
127796 509 1023
128652 509 1023
129512 510 1023
130368 510 1023
131224 509 1023
132076 509 1023
132924 510 1023
133780 510 1023
134640 509 1023
135496 510 1023
136352 509 1023
137204 509 1023
138060 509 1023
138916 509 1023
139776 509 1023
140636 509 1023
141492 510 1023
142344 509 1023
143196 510 1023
144052 509 1023
144912 509 1023
145768 510 1023
146624 509 1023
147480 509 1023
148332 509 1023
149188 509 1023
150048 510 1023
150908 509 1023
151764 509 1023
152620 510 1023
153468 509 1023
154324 509 1023
155184 509 1023
156044 510 1023
156896 510 1023
157752 509 1023
158604 509 1023
159468 509 1023
160332 509 1023
161184 509 1023
162040 509 1023
162896 509 1023
163748 509 1023
164604 509 1023
165464 509 1023
166320 510 1023
167176 510 1023
168032 509 1023
168884 510 1023
169732 510 1023
170592 509 1023
171448 509 1023
172304 510 1023
173164 509 1023
174012 510 1023
174868 509 1023
175728 509 1023
176584 510 1023
177440 509 1023
178296 510 1023
179148 510 1023
180004 509 1023
180860 509 1023
181712 509 1023
182572 509 1023
183424 510 1023
184276 509 1023
185132 509 1023
185988 510 1023
186848 509 1023
187704 509 1023
188560 509 1023
189412 509 1023
190268 509 1023
191124 509 1023
191988 509 1023
192844 509 1023
193704 509 1023
194556 509 1023
195412 509 1023
196268 510 1023
197128 510 1023
197984 509 1023
198844 509 1023
199696 509 1023
200548 509 1023
201404 509 1023
202268 509 1023
203120 510 1023
203980 508 1023
204836 509 1023
205688 510 1023
206540 510 1023
207392 510 1023
208248 509 1023
209104 509 1023
209960 511 1023
210812 509 1023
211660 509 1023
212520 509 1023
213376 509 1023
214236 510 1023
215092 508 1023
215940 510 1023
216796 509 1023
217660 510 1023
218512 510 1023
219368 509 1023
220224 509 1023
221076 509 1023
221932 509 1023
222796 510 1023
223652 510 1023
224508 509 1023
225368 509 1023
226220 509 1023
227076 509 1023
227940 510 1023
228792 509 1023
229652 509 1023
230508 509 1023
231356 509 1023
232212 509 1023
233072 509 1023
233928 510 1023
234784 509 1023
235644 510 1023
236492 510 1023
237348 509 1023
238204 510 1023
239068 509 1023
239924 509 1023
240780 509 1023
241636 510 1023
242492 509 1023
243348 509 1023
244208 510 1023
245068 509 1023
245924 509 1023
246772 509 1023
247628 509 1023
248484 510 1023
249344 509 1023
250204 509 1023
251060 509 1023
251912 509 1023
252764 509 1023
253620 509 1023
254480 509 1023
255340 509 1023
256196 509 1023
257056 510 1023
257908 509 1023
258756 509 1023
259616 509 1023
260472 509 1023
261328 510 1023
262184 509 1023
263036 510 1023
263892 510 1023
264756 509 1023
265612 510 1023
266464 509 1023
267320 510 1023
268172 509 1023
269028 510 1023
269888 509 1023
270744 509 1023
271600 510 1023
272460 510 1023
273308 509 1023
274164 510 1023
275028 510 1023
275884 509 1023
276748 510 1023
277604 510 1023
278452 509 1023
279308 509 1023
280172 510 1023
281028 509 1023
281884 509 1023
282736 509 1023
283588 510 1023
284444 509 1023
285304 510 1023
286164 509 1023
287020 510 1023
287876 509 1023
288724 509 1023
289580 510 1023
290436 510 1023
291300 509 1023
292152 509 1023
293012 509 1023
293860 509 1023
294716 509 1023
295572 509 1023
296436 509 1023
297292 510 1023
298148 509 1023
298996 509 1023
299852 509 1023
300708 509 1023
301572 510 1023
302436 509 1023
303300 510 1023
304156 509 1023
305012 509 1023
305868 509 1023
306732 509 1023
307596 510 1023
308460 509 1023
309316 509 1023
310164 509 1023
311020 509 1023
311884 509 1023
312748 509 1023
313612 509 1023
314464 510 1023
315316 509 1023
316172 509 1023
317036 510 1023
317892 509 1023
318756 509 1023
319620 509 1023
320468 509 1023
321324 509 1023
322180 509 1023
323044 509 1023
323896 509 1023
324752 509 1023
325604 509 1023
326460 509 1023
327316 509 1023
328180 510 1023
329032 510 1023
329888 510 1023
330740 509 1023
331596 509 1023
332452 509 1023
333316 509 1023
334168 510 1023
335024 510 1023
335884 510 1023
336732 509 1023
337588 509 1023
338452 510 1023
339304 510 1023
340160 509 1023
341016 509 1023
341868 509 1023
342724 509 1023
343584 510 1023
344444 508 1023
345296 510 1023
346156 510 1023
347004 510 1023
347860 509 1023
348724 509 1023
349580 510 1023
350436 510 1023
351292 509 1023
352140 509 1023
352996 510 1023
353860 509 1023
354716 510 1023
355572 509 1023
356428 511 1023
357276 510 1023
358132 509 1023
358996 509 1023
359860 509 1023
360716 509 1023
361572 509 1023
362420 509 1023
363276 509 1023
364140 509 1023
364996 510 1023
365852 510 1023
366708 511 1023
367556 509 1023
368412 509 1023
369276 510 1023
370132 510 1023
370988 509 1023
371844 509 1023
372692 509 1023
373548 509 1023
374404 509 1023
375264 510 1023
376124 510 1023
376980 509 1023
377828 510 1023
378684 509 1023
379540 510 1023
380404 509 1023
381260 509 1023
382116 509 1023
382972 511 1023
383836 510 1023
384696 509 1023
385552 509 1023
386412 509 1023
387268 509 1023
388120 509 1023
388972 509 1023
389828 510 1023
390692 509 1023
391548 510 1023
392404 509 1023
393264 509 1023
394116 509 1023
394972 509 1023
395836 510 1023
396692 510 1023
397556 509 1023
398420 509 1023
399268 509 1023
400124 509 1023
400984 509 1023
401840 509 1023
402700 509 1023
403556 510 1023
404404 509 1023
405260 508 1023
406124 509 1023
406980 509 1023
407836 509 1023
408700 509 1023
409556 510 1023
410412 510 1023
411268 509 1023
412120 510 1023
412976 510 1023
413832 509 1023
414684 509 1023
415540 509 1023
416396 510 1023
417256 510 1023
418116 509 1023
418968 510 1023
419820 509 1023
420676 509 1023
421532 509 1023
422396 509 1023
423252 511 1023
424112 509 1023
424968 509 1023
425820 509 1023
426668 509 1023
427532 510 1023
428388 510 1023
429244 509 1023
430096 509 1023
430948 509 1023
431804 509 1023
432668 509 1023
433520 509 1023
434380 510 1023
435236 509 1023
436092 510 1023
436948 509 1023
437812 509 1023
438668 509 1023
439524 510 1023
440380 509 1023
441228 509 1023
442084 509 1023
442944 509 1023
443800 509 1023
444660 509 1023
445516 509 1023
446364 509 1023
447220 510 1023
448084 509 1023
448936 509 1023
449792 510 1023
450652 509 1023
451500 509 1023
452356 510 1023
453220 510 1023
454072 509 1023
454932 509 1023
455788 509 1023
456636 509 1023
457492 510 1023
458356 509 1023
459220 509 1023
460076 509 1023
460932 509 1023
461788 509 1023
462644 509 1023
463500 510 1023
464364 509 1023
465216 509 1023
466076 509 1023
466924 509 1023
467780 509 1023
468636 510 1023
469500 509 1023
470356 509 1023
471220 509 1023
472084 509 1023
472932 509 1023
473788 510 1023
474652 509 1023
475508 510 1023
476364 510 1023
477228 509 1023
478076 509 1023
478932 509 1023
479796 509 1023
480660 509 1023
481520 509 1023
482380 509 1023
483228 508 1023
484084 509 1023
484944 509 1023
485804 510 1023
486660 509 1023
487512 509 1023
488364 509 1023
489220 510 1023
490084 510 1023
490940 509 1023
491796 509 1023
492660 509 1023
493508 509 1023
494364 509 1023
495228 509 1023
496084 510 1023
496936 509 1023
497792 509 1023
498644 509 1023
499500 509 1023
500356 509 1023
501220 509 1023
502076 509 1023
502932 510 1023
503780 509 1023
504636 509 1023
505492 509 1023
506356 510 1023
507220 509 1023
508084 509 1023
508940 509 1023
509788 510 1023
510644 510 1023
511508 509 1023
512372 509 1023
513232 510 1023
514088 510 1023
514940 509 1023
515796 509 1023
516660 510 1023
517512 509 1023
518372 510 1023
519228 510 1023
520076 509 1023
520932 509 1023
521796 510 1023
522652 509 1023
523504 509 1023
524364 509 1023
525212 509 1023
526068 510 1023
526932 509 1023
527788 509 1023
528644 509 1023
529496 509 1023
530348 510 1023
531204 509 1023
532064 509 1023
532924 509 1023
533776 510 1023
534632 508 1023
535484 510 1023
536340 510 1023
537204 508 1023
538060 509 1023
538912 510 1023
539772 509 1023
540620 509 1023
541476 509 1023
542332 509 1023
543196 510 1023
544060 510 1023
544920 509 1023
545772 509 1023
546628 510 1023
547484 510 1023
548348 509 1023
549204 509 1023
550060 509 1023
550908 510 1023
551772 509 1023
552628 509 1023
553492 509 1023
554356 509 1023
555212 510 1023
556076 509 1023
556924 510 1023
557780 509 1023
558644 509 1023
559500 510 1023
560356 510 1023
561220 509 1023
562068 509 1023
562924 510 1023
563788 510 1023
564652 509 1023
565508 509 1023
566364 510 1023
567212 509 1023
568068 510 1023
568932 510 1023
569788 509 1023
570644 509 1023
571500 510 1023
572348 510 1023
573204 509 1023
574068 509 1023
574932 509 1023
575788 509 1023
576644 509 1023
577500 509 1023
578356 509 1023
579212 509 1023
580072 510 1023
580932 510 1023
581788 509 1023
582636 509 1023
583492 510 1023
584348 509 1023
585208 509 1023
586068 510 1023
586924 509 1023
587788 510 1023
588636 509 1023
589492 509 1023
590356 510 1023
591212 509 1023
592076 510 1023
592940 509 1023
593788 509 1023
594644 509 1023
595508 509 1023
596364 510 1023
597228 509 1023
598092 509 1023
598948 510 1023
599804 509 1023
600668 509 1023
601532 509 1023
602388 509 1023
603252 509 1023
604108 510 1023
604964 509 1023
605820 509 1023
606684 509 1023
607548 510 1023
608412 509 1023
609268 510 1023
610124 510 1023
610980 509 1023
611844 509 1023
612708 510 1023
613572 509 1023
614436 508 1023
615292 509 1023
616148 510 1023
617012 509 1023
617868 509 1023
618724 510 1023
619580 509 1023
620428 509 1023
621284 509 1023
622148 510 1023
623004 510 1023
623868 509 1023
624732 509 1023
625588 509 1023
626444 509 1023
627308 509 1023
628164 509 1023
629020 509 1023
629876 509 1023
630732 509 1023
631588 509 1023
632444 510 1023
633308 509 1023
634172 509 1023
635036 509 1023
635892 509 1023
636748 510 1023
637608 509 1023
638468 509 1023
639332 509 1023
640196 510 1023
641056 509 1023
641908 508 1023
642764 509 1023
643624 509 1023
644484 510 1023
645336 510 1023
646196 509 1023
647044 509 1023
647900 509 1023
648764 509 1023
649620 510 1023
650472 510 1023
651332 509 1023
652180 509 1023
653036 510 1023
653900 509 1023
654756 509 1023
655620 509 1023
656480 509 1023
657332 511 1023
658180 509 1023
659040 509 1023
659900 509 1023
660756 510 1023
661612 509 1023
662460 509 1023
663316 510 1023
664180 509 1023
665036 509 1023
665892 509 1023
666744 509 1023
667596 509 1023
668452 510 1023
669308 509 1023
670168 510 1023
671028 509 1023
671884 509 1023
672732 509 1023
673588 510 1023
674444 510 1023
675308 510 1023
676164 509 1023
677016 510 1023
677868 509 1023
678724 509 1023
679580 509 1023
680444 509 1023
681296 509 1023
682152 509 1023
683004 509 1023
683860 509 1023
684716 510 1023
685580 510 1023
686444 509 1023
687296 509 1023
688156 510 1023
689004 510 1023
689860 510 1023
690724 509 1023
691580 509 1023
692436 509 1023
693292 510 1023
694140 509 1023
694996 509 1023
695860 509 1023
696724 509 1023
697588 510 1023
698444 509 1023
699300 509 1023
700156 509 1023
701020 509 1023
701884 509 1023
702748 510 1023
703604 509 1023
704452 509 1023
705308 509 1023
706172 509 1023
707028 510 1023
707884 509 1023
708748 509 1023
709596 510 1023
710452 509 1023
711308 509 1023
712172 510 1023
713036 509 1023
713892 509 1023
714748 509 1023
715612 510 1023
716468 510 1023
717332 509 1023
718196 509 1023
719052 510 1023
719908 509 1023
720764 509 1023
721620 508 1023
722484 509 1023
723336 510 1023
724196 509 1023
725052 509 1023
725900 509 1023
726764 510 1023
727628 509 1023
728492 509 1023
729348 510 1023
730204 510 1023
731060 510 1023
731916 509 1023
732780 509 1023
733644 509 1023
734508 509 1023
735364 510 1023
736220 509 1023
737076 509 1023
737932 510 1023
738796 509 1023
739652 510 1023
740508 509 1023
741364 509 1023
742220 510 1023
743076 510 1023
743940 509 1023
744796 509 1023
745652 509 1023
746516 509 1023
747364 509 1023
748220 509 1023
749084 509 1023
749940 509 1023
750796 509 1023
751660 509 1023
752516 510 1023
753372 508 1023
754236 509 1023
755100 510 1023
755964 510 1023
756828 510 1023
757684 509 1023
758540 509 1023
759404 509 1023
760268 510 1023
761132 509 1023
761996 508 1023
762852 509 1023
763708 509 1023
764564 510 1023
765428 509 1023
766292 509 1023
767156 509 1023
768020 509 1023
768876 510 1023
769724 509 1023
770588 510 1023
771444 509 1023
772300 510 1023
773156 509 1023
774012 509 1023
774868 510 1023
775732 509 1023
776596 510 1023
777460 509 1023
778324 509 1023
779180 509 1023
780036 510 1023
780900 510 1023
781764 509 1023
782620 509 1023
783476 510 1023
784324 509 1023
785180 509 1023
786044 509 1023
786908 509 1023
787764 509 1023
788628 509 1023
789484 509 1023
790340 509 1023
791196 509 1023
792060 509 1023
792924 510 1023
793788 509 1023
794652 509 1023
795500 509 1023
796356 510 1023
797220 510 1023
798084 509 1023
798948 509 1023
799812 509 1023
800672 510 1023
801524 509 1023
802388 509 1023
803244 510 1023
804100 509 1023
804956 510 1023
805804 509 1023
806660 509 1023
807524 509 1023
808380 509 1023
809236 510 1023
810092 510 1023
810940 509 1023
811796 509 1023
812660 510 1023
813524 509 1023
814388 509 1023
815252 509 1023
816108 510 1023
816964 509 1023
817820 509 1023
818684 510 1023
819548 509 1023
820408 509 1023
821264 509 1023
822116 509 1023
822972 509 1023
823832 510 1023
824692 509 1023
825544 509 1023
826404 509 1023
827252 509 1023
828108 509 1023
828972 509 1023
829824 510 1023
830680 509 1023
831540 510 1023
832388 509 1023
833244 509 1023
834104 510 1023
834960 509 1023
835816 509 1023
836676 510 1023
837524 509 1023
838380 509 1023
839244 509 1023
840108 510 1023
840960 509 1023
841816 510 1023
842668 509 1023
843524 509 1023
844384 509 1023
845244 510 1023
846096 509 1023
846952 509 1023
847804 509 1023
848660 509 1023
849520 510 1023
850380 510 1023
851236 509 1023
852088 509 1023
852940 509 1023
853796 509 1023
854652 510 1023
855516 508 1023
856372 509 1023
857236 509 1023
858084 509 1023
858940 509 1023
859796 509 1023
860660 509 1023
861524 509 1023
862380 510 1023
863228 510 1023
864092 510 1023
864948 509 1023
865812 510 1023
866668 510 1023
867524 509 1023
868380 510 1023
869228 509 1023
870084 509 1023
870948 510 1023
871812 509 1023
872668 509 1023
873524 510 1023
874372 509 1023
875228 509 1023
876092 509 1023
876948 510 1023
877804 509 1023
878660 509 1023
879508 509 1023
880364 509 1023
881228 508 1023
882084 509 1023
882936 510 1023
883796 509 1023
884652 509 1023
885508 510 1023
886372 509 1023
887236 509 1023
888100 509 1023
888956 509 1023
889804 510 1023
890660 510 1023
891516 509 1023
892380 509 1023
893244 510 1023
894108 509 1023
894964 510 1023
895820 510 1023
896680 510 1023
897536 509 1023
898396 510 1023
899252 510 1023
900116 510 1023
900964 509 1023
901820 509 1023
902684 511 1023
903540 510 1023
904396 509 1023
905260 509 1023
906108 509 1023
906964 510 1023
907828 509 1023
908684 509 1023
909548 509 1023
910412 510 1023
911260 510 1023
912116 510 1023
912980 509 1023
913836 509 1023
914692 509 1023
915556 510 1023
916412 510 1023
917268 510 1023
918132 509 1023
918996 509 1023
919860 509 1023
920724 509 1023
921580 509 1023
922440 509 1023
923292 509 1023
924156 510 1023
925012 509 1023
925876 509 1023
926732 509 1023
927580 510 1023
928436 509 1023
929300 509 1023
930156 510 1023
931012 509 1023
931876 509 1023
932732 509 1023
933588 509 1023
934452 510 1023
935316 510 1023
936172 509 1023
937036 509 1023
937884 509 1023
938740 509 1023
939604 509 1023
940468 510 1023
941332 509 1023
942196 509 1023
943052 510 1023
943908 510 1023
944768 509 1023
945628 509 1023
946484 509 1023
947340 509 1023
948196 509 1023
949052 509 1023
949908 509 1023
950772 510 1023
951636 509 1023
952500 510 1023
953364 509 1023
954220 508 1023
955076 509 1023
955940 509 1023
956804 510 1023
957668 509 1023
958532 509 1023
959392 509 1023
960248 510 1023
961108 510 1023
961964 509 1023
962828 509 1023
963684 509 1023
964532 509 1023
965388 509 1023
966252 509 1023
967108 509 1023
967972 509 1023
968836 510 1023
969692 509 1023
970548 509 1023
971404 509 1023
972268 509 1023
973132 509 1023
973996 510 1023
974844 509 1023
975708 509 1023
976564 509 1023
977428 510 1023
978284 509 1023
979148 510 1023
980004 509 1023
980860 509 1023
981716 509 1023
982580 509 1023
983444 510 1023
984308 509 1023
985164 509 1023
986012 510 1023
986868 509 1023
987732 509 1023
988588 509 1023
989444 510 1023
990300 509 1023
991148 509 1023
992004 509 1023
992864 508 1023
993724 509 1023
994580 509 1023
995436 509 1023
996284 510 1023
997140 510 1023
998004 509 1023
998868 509 1023
999732 510 1023
1000588 510 1023
1001500 509 116
1002348 512 232
1003204 515 229
1004068 516 224
1004924 519 223
1005776 522 249
1006632 525 214
1007484 527 212
1008340 529 209
1009200 532 202
1010060 534 199
1010916 533 196
1011772 533 198
1012628 534 176
1013484 533 196
1014348 533 190
1015212 532 182
1016076 532 181
1016932 532 179
1017780 532 182
1018636 533 154
1019500 531 174
1020364 530 165
1021228 531 174
1022092 531 174
1022948 531 159
1023804 530 152
1024664 528 162
1025520 530 179
1026376 531 151
1027232 529 146
1028084 527 140
1028932 528 158
1029780 528 142
1030640 529 153
1031496 529 124
1032352 528 138
1033204 528 148
1034060 527 154
1034916 529 139
1035776 527 143
1036636 528 166
1037492 527 130
1038344 527 139
1039196 525 143
1040052 526 124
1040912 525 141
1041768 527 136
1042624 526 120
1043480 525 81
1044288 524 133
1045140 525 122
1046000 526 147
1046856 527 130
1047712 525 130
1048564 524 140
1049420 526 119
1050276 526 141
1051136 526 130
1051996 525 122
1052852 524 117
1053704 524 125
1054556 525 125
1055412 526 120
1056272 526 123
1057128 526 17
1057944 525 134
1058796 525 121
1059652 526 147
1060508 526 128
1061368 526 131
1062228 525 144
1063084 526 119
1063932 526 143
1064788 526 134
1065644 526 125
1066504 523 131
1067360 525 124
1068216 525 134
1069072 527 132
1069924 526 125
1070780 526 49
1071600 525 137
1072460 525 125
1073316 526 149
1074164 527 134
1075020 527 131
1075876 526 144
1076736 527 129
1077592 526 140
1078452 527 134
1079304 526 129
1080156 526 114
1081012 526 135
1081876 526 131
1082728 527 150
1083588 527 137
1084444 526 129
1085292 526 144
1086148 527 131
1087012 526 137
1087868 527 123
1088724 527 132
1089576 526 0
1090340 526 152
1091196 526 126
1092060 526 148
1092912 527 139
1093772 527 131
1094620 526 145
1095476 527 132
1096332 526 133
1097192 527 158
1098052 526 133
1098908 526 137
1099756 527 147
1100612 526 126
1101468 526 144
1102332 527 137
1103188 527 126
1104052 526 146
1104912 526 126
1105764 526 137
1106620 527 130
1107484 525 120
1108340 523 115
1109196 525 122
1110052 525 126
1110908 526 124
1111764 525 116
1112628 523 99
1113440 524 128
1114300 525 121
1115164 526 115
1116012 526 113
1116868 524 107
1117732 524 121
1118588 525 126
1119452 525 118
1120316 525 115
1121172 524 134
1122028 525 114
1122892 525 127
1123748 525 127
1124604 525 113
1125468 522 123
1126316 524 111
1127176 525 136
1128036 525 119
1128888 524 125
1129744 524 131
1130604 525 113
1131452 524 148
1132308 525 107
1133172 523 100
1134028 524 111
1134884 523 124
1135740 526 115
1136588 523 112
1137444 523 122
1138300 523 109
1139164 525 139
1140020 524 108
1140880 523 106
1141732 524 116
1142588 524 128
1143444 525 115
1144308 524 119
1145164 523 116
1146028 523 104
1146892 524 116
1147740 523 104
1148596 523 122
1149460 524 104
1150312 524 97
1151128 523 101
1151980 522 116
1152840 523 101
1153692 523 125
1154552 523 96
1155368 522 93
1156184 524 98
1156992 524 113
1157844 522 15
1158664 519 110
1159524 520 107
1160380 521 108
1161232 523 103
1162084 522 110
1162940 522 112
1163804 522 107
1164660 524 105
1165516 522 109
1166372 523 106
1167220 521 100
1168076 523 104
1168936 523 102
1169796 522 113
1170652 522 104
1171508 522 108
1172356 522 107
1173212 522 111
1174076 522 107
1174932 523 106
1175796 522 0
1176568 522 109
1177420 522 102
1178276 522 103
1179140 521 107
1179996 523 100
1180852 522 108
1181712 523 96
1182520 522 65
1183328 523 103
1184188 522 109
1185048 522 93
1185864 522 82
1186672 521 94
1187480 522 109
1188340 522 83
1189152 522 105
1190012 523 89
1190816 522 114
1191668 522 85
1192488 521 108
1193348 522 91
1194160 522 89
1194968 522 86
1195776 521 110
1196636 523 87
1197456 522 100
1198316 521 93
1199128 522 104
1199980 522 98
1200796 522 95
1201608 521 61
1202424 523 96
1203240 521 104
1204092 521 89
1204904 521 102
1205764 522 88
1206576 522 112
1207436 521 81
1208240 520 105
1209092 522 82
1209912 523 94
1210728 521 87
1211544 520 105
1212396 521 96
1213212 522 98
1214024 522 79
1214840 522 95
1215656 521 102
1216508 521 86
1217328 521 103
1218180 521 84
1219000 523 84
1219816 520 84
1220632 521 108
1221484 521 89
1222296 523 97
1223112 521 71
1223928 522 91
1224744 520 100
1225596 521 81
1226412 520 105
1227268 522 84
1228080 521 89
1228896 521 84
1229704 522 102
1230556 521 95
1231376 522 91
1232192 522 94
1233008 521 84
1233816 521 106
1234668 522 80
1235488 521 104
1236344 521 83
1237160 521 90
1237968 520 74
1238776 522 91
1239592 521 102
1240452 521 77
1241272 520 104
1242132 520 77
1242936 521 74
1243744 520 88
1244560 520 85
1245376 520 96
1246184 521 73
1246992 519 95
1247808 520 76
1248624 520 82
1249440 520 82
1250248 521 88
1251056 520 90
1251872 520 78
1252688 519 84
1253504 519 76
1254316 520 78
1255124 520 77
1255936 520 94
1256752 519 89
1257568 521 81
1258376 520 90
1259184 521 78
1260000 521 79
1260816 519 74
1261632 520 92
1262440 520 88
1263248 521 79
1264064 520 96
1264880 520 76
1265696 520 83
1266504 520 79
1267316 521 91
1268128 520 89
1268944 520 72
1269756 519 97
1270564 520 73
1271376 520 82
1272192 520 35
1273008 519 76
1273820 519 96
1274624 520 62
1275440 519 91
1276256 518 66
1277072 519 4
1277840 516 79
1278652 518 75
1279464 519 78
1280280 520 70
1281092 519 88
1281904 518 86
1282712 520 71
1283528 519 91
1284344 519 70
1285160 520 83
1285968 520 46
1286776 519 76
1287592 520 97
1288408 519 69
1289220 519 89
1290032 520 82
1290840 520 74
1291656 519 93
1292472 520 69
1293280 519 80
1294088 519 68
1294904 519 74
1295720 520 100
1296580 519 70
1297384 519 78
1298192 518 85
1299008 519 54
1299824 519 88
1300640 517 56
1301448 517 1
1302212 515 65
1303032 516 0
1303804 515 69
1304624 516 71
1305432 517 77
1306244 518 94
1307056 518 66
1307872 518 89
1308688 519 71
1309496 519 66
1310304 518 86
1311120 519 63
1311936 520 76
1312744 519 49
1313552 519 71
1314368 520 72
1315184 519 68
1316000 519 79
1316808 520 88
1317616 519 61
1318432 518 83
1319244 518 79
1320064 519 66
1320872 518 83
1321680 518 67
1322492 518 73
1323312 519 85
1324128 519 61
1324936 519 70
1325744 516 41
1326560 517 58
1327376 518 70
1328192 518 69
1329000 518 67
1329808 520 91
1330624 518 61
1331440 518 77
1332252 518 83
1333064 518 60
1333872 519 83
1334688 518 78
1335504 519 60
1336312 519 84
1337120 518 67
1337936 518 64
1338752 518 85
1339568 518 61
1340376 518 66
1341184 518 81
1342000 518 60
1342816 518 67
1343632 518 65
1344440 517 60
1345248 519 69
1346064 518 74
1346880 518 58
1347696 518 73
1348504 517 61
1349312 520 62
1350128 518 69
1350944 517 45
1351760 519 60
1352568 519 68
1353376 518 70
1354192 518 40
1355008 517 67
1355824 515 54
1356632 518 60
1357440 517 60
1358256 516 60
1359072 518 63
1359888 518 90
1360696 519 59
1361504 518 66
1362320 517 88
1363136 517 57
1363944 518 63
1364752 518 84
1365568 518 57
1366384 518 69
1367200 518 85
1368008 518 59
1368816 519 70
1369632 518 81
1370448 517 46
1371264 517 70
1372072 518 78
1372884 517 52
1373696 517 62
1374512 514 44
1375328 512 33
1376136 514 49
1376944 515 75
1377760 514 39
1378576 516 67
1379392 516 78
1380200 517 50
1381008 517 72
1381824 517 81
1382640 518 50
1383456 518 75
1384264 517 76
1385072 518 48
1385888 517 71
1386704 517 76
1387512 517 55
1388324 517 74
1389136 517 74
1389952 518 51
1390768 519 80
1391576 517 73
1392388 517 51
1393200 517 72
1394016 518 77
1394832 518 48
1395640 517 65
1396448 517 70
1397264 515 35
1398080 514 0
1398852 513 0
1399624 511 20
1400432 513 0
1401204 511 37
1402024 511 0
1402788 513 76
1403600 515 70
1404416 516 58
1405232 516 76
1406048 517 61
1406856 518 56
1407664 516 68
1408480 516 60
1409292 518 53
1410112 518 81
1410920 517 61
1411728 518 59
1412544 517 79
1413360 518 57
1414176 518 57
1414984 516 67
1415792 517 60
1416608 518 54
1417424 517 82
1418232 517 58
1419044 518 57
1419856 517 82
1420672 517 55
1421488 517 23
1422296 516 79
1423104 516 23
1423920 516 48
1424736 515 76
1425552 516 58
1426364 517 44
1427168 517 75
1427984 517 63
1428800 516 32
1429616 516 76
1430424 517 68
1431232 517 52
1432048 517 76
1432864 517 71
1433680 517 46
1434488 518 73
1435296 517 71
1436112 518 46
1436928 517 65
1437744 516 74
1438552 517 49
1439360 518 68
1440176 518 81
1440988 517 55
1441808 517 61
1442616 517 57
1443424 517 55
1444240 517 0
1445012 516 54
1445816 515 49
1446624 517 48
1447440 516 58
1448256 515 33
1449072 516 46
1449880 518 66
1450688 516 46
1451504 516 52
1452320 517 63
1453136 516 68
1453944 517 50
1454752 518 62
1455568 517 70
1456384 518 50
1457200 519 58
1458008 516 56
1458816 516 52
1459632 517 54
1460448 517 80
1461264 517 57
1462072 518 51
1462880 517 77
1463696 517 53
1464512 517 46
1465320 517 74
1466128 516 60
1466944 517 44
1467760 516 65
1468576 516 66
1469384 516 42
1470192 517 62
1471008 516 73
1471824 516 48
1472640 518 63
1473448 517 83
1474256 517 54
1475072 518 59
1475888 517 59
1476704 518 60
1477512 518 58
1478320 517 66
1479136 516 45
1479952 517 54
1480768 518 63
1481576 516 65
1482384 517 53
1483200 517 64
1484016 518 73
1484832 518 49
1485640 517 53
1486448 516 74
1487264 517 47
1488080 517 50
1488888 516 68
1489696 516 54
1490512 517 44
1491328 516 75
1492144 516 61
1492952 516 30
1493760 516 75
1494576 515 68
1495392 517 51
1496208 517 69
1497016 517 75
1497824 517 48
1498640 517 69
1499456 517 79
1500272 517 50
1501080 518 60
1501888 518 83
1502704 518 56
1503520 518 57
1504336 517 62
1505144 517 65
1505956 518 60
1506768 517 69
1507584 516 55
1508400 517 24
1509208 517 58
1510016 516 40
1510832 517 39
1511648 516 57
1512464 515 67
1513272 514 29
1514084 516 50
1514896 515 68
1515712 516 46
1516520 518 62
1517328 516 68
1518144 517 55
1518960 517 56
1519776 516 80
1520588 518 54
1521396 517 53
1522208 516 78
1523024 517 61
1523840 517 53
1524648 517 69
1525456 517 63
1526272 517 51
1527088 516 71
1527904 517 65
1528716 516 48
1529520 517 68
1530336 517 69
1531152 517 49
1531968 516 64
1532780 516 59
1533588 515 19
1534408 515 2
1535180 513 66
1535996 512 28
1536812 513 0
1537580 512 26
1538400 513 16
1539216 513 74
1540024 516 76
1540832 517 53
1541648 517 74
1542464 517 72
1543280 518 51
1544088 517 70
1544896 516 72
1545712 517 53
1546528 517 78
1547344 517 74
1548152 517 50
1548964 517 80
1549776 518 73
1550592 518 51
1551408 517 73
1552216 517 67
1553024 517 48
1553840 517 74
1554656 517 72
1555472 517 50
1556284 517 73
1557092 518 73
1557904 517 48
1558720 518 79
1559528 517 74
1560336 518 51
1561152 516 74
1561968 518 77
1562784 519 50
1563592 518 76
1564404 517 73
1565216 518 51
1566032 518 70
1566848 517 74
1567656 518 51
1568464 518 74
1569280 517 79
1570096 518 51
1570912 518 74
1571724 517 79
1572532 517 52
1573344 519 69
1574160 518 78
1574976 517 52
1575784 517 65
1576592 517 80
1577408 517 54
1578224 518 63
1579040 517 82
1579848 516 50
1580656 518 64
1581472 517 82
1582288 518 57
1583100 518 63
1583908 518 67
1584720 517 57
1585536 518 58
1586352 517 66
1587164 517 58
1587972 518 58
1588792 518 65
1589608 517 53
1590424 518 58
1591232 518 67
1592044 517 60
1592856 518 54
1593672 518 67
1594488 517 67
1595300 518 55
1596108 518 64
1596920 517 73
1597736 517 54
1598552 518 63
1599364 517 74
1600172 517 52
1600980 517 60
1601800 517 80
1602616 518 59
1603424 517 55
1604232 517 81
1605048 518 59
1605864 518 57
1606680 518 77
1607488 517 62
1608296 517 48
1609112 517 75
1609928 518 66
1610736 518 50
1611544 517 74
1612360 517 72
1613176 517 51
1613992 518 67
1614800 517 77
1615608 517 49
1616424 517 63
1617240 517 83
1618056 518 57
1618864 518 63
1619672 517 60
1620488 518 64
1621304 518 58
1622120 517 67
1622928 517 55
1623736 518 55
1624552 517 65
1625368 517 71
1626184 518 54
1626992 518 63
1627800 518 74
1628616 517 52
1629432 517 53
1630248 517 76
1631056 517 54
1631868 518 50
1632680 517 78
1633496 517 57
1634312 517 46
1635124 518 73
1635932 518 62
1636744 518 46
1637560 517 68
1638372 517 70
1639180 517 50
1640000 518 67
1640812 517 80
1641628 517 52
1642440 517 60
1643248 517 58
1644064 518 55
1644876 517 51
1645692 517 62
1646504 516 57
1647312 517 51
1648128 518 64
1648944 517 69
1649756 518 49
1650568 518 61
1651376 517 73
1652192 517 52
1653008 517 51
1653824 516 74
1654632 517 51
1655440 516 0
1656212 515 73
1657032 516 52
1657840 516 42
1658648 516 73
1659464 516 58
1660280 517 43
1661096 517 72
1661904 517 72
1662712 517 48
1663528 519 64
1664344 517 79
1665156 517 49
1665968 517 58
1666776 517 54
1667592 517 54
1668408 518 56
1669224 517 63
1670032 517 58
1670840 517 51
1671656 518 64
1672472 516 68
1673288 518 53
1674096 518 58
1674904 517 75
1675720 517 52
1676536 518 46
1677352 517 73
1678160 515 46
1678968 515 38
1679784 516 69
1680600 516 52
1681416 515 41
1682224 516 68
1683032 516 75
1683848 517 49
1684660 518 65
1685472 517 84
1686280 517 51
1687096 517 56
1687912 518 64
1688728 518 49
1689536 518 52
1690344 518 65
1691160 517 66
1691976 517 46
1692792 517 56
1693600 517 67
1694408 517 51
1695224 517 49
1696040 516 76
1696852 516 58
1697664 517 50
1698472 517 70
1699288 516 62
1700104 517 42
1700920 516 55
1701728 516 69
1702536 516 37
1703352 516 44
1704168 515 57
1704984 515 48
1705792 517 44
1706600 517 63
1707416 515 59
1708232 516 45
1709040 517 56
1709848 518 62
1710664 516 51
1711480 516 50
1712296 516 74
1713104 516 59
1713912 517 38
1714728 517 68
1715544 516 70
1716360 517 44
1717168 518 63
1717976 517 83
1718792 517 54
1719608 516 48
1720424 517 63
1721232 516 32
1722048 516 39
1722864 516 51
1723680 514 51
1724496 513 32
1725304 515 40
1726112 514 63
1726928 515 50
1727744 516 41
1728560 516 67
1729368 515 66
1730176 517 45
1730992 516 60
1731808 516 78
1732624 516 53
1733432 517 55
1734240 517 63
1735056 516 48
1735872 518 45
1736680 516 55
1737488 516 68
1738304 517 47
1739120 517 52
1739936 516 72
1740748 517 55
1741556 516 35
1742368 516 62
1743184 516 64
1744000 516 43
1744808 515 50
1745616 516 54
1746432 516 0
1747204 516 38
1748024 515 58
1748832 515 55
1749640 517 37
1750456 517 51
1751272 516 61
1752088 516 55
1752896 517 49
1753704 517 72
1754520 516 62
1755336 517 39
1756148 517 60
1756956 517 76
1757768 516 46
1758584 517 46
1759400 517 58
1760208 516 61
1761016 516 43
1761832 517 52
1762648 516 72
1763464 517 57
1764272 516 43
1765080 517 65
1765896 516 66
1766712 515 30
1767528 515 0
1768292 514 48
1769104 514 46
1769920 516 34
1770736 516 54
1771552 515 51
1772360 516 47
1773168 517 54
1773984 517 67
1774800 516 53
1775608 517 41
1776416 516 59
1777232 516 67
1778048 516 42
1778864 517 52
1779676 518 58
1780480 516 51
1781296 516 46
1782112 517 55
1782928 516 66
1783736 516 27
1784544 516 0
1785316 514 62
1786136 513 26
1786952 514 6
1787720 514 59
1788528 514 66
1789344 516 42
1790160 516 55
1790972 516 62
1791780 516 53
1792592 517 49
1793408 516 62
1794224 516 46
1795032 516 44
1795840 517 53
1796656 517 62
1797472 516 50
1798288 516 44
1799096 517 73
1799904 517 62
1800720 518 45
1801536 516 65
1802352 517 73
1803160 516 45
1803968 517 52
1804784 516 55
1805600 516 60
1806416 517 49
1807224 517 63
1808032 516 59
1808848 515 25
1809664 516 51
1810480 515 49
1811288 514 25
1812096 516 21
1812912 514 64
1813728 513 48
1814544 514 42
1815352 515 71
1816164 516 63
1816976 517 49
1817792 516 68
1818600 517 69
1819408 517 48
1820224 518 69
1821040 517 80
1821856 517 47
1822664 516 63
1823476 518 83
1824288 518 49
1825104 516 57
1825920 517 59
1826728 516 61
1827536 517 52
1828352 516 63
1829168 517 0
1829940 516 47
1830752 517 68
1831560 517 0
1832332 517 53
1833152 517 67
1833960 518 47
1834768 517 57
1835584 518 68
1836400 517 57
1837216 518 54
1838028 517 69
1838836 517 22
1839648 517 53
1840464 518 66
1841280 516 70
1842088 518 54
1842896 518 64
1843712 517 74
1844528 518 54
1845344 518 65
1846152 517 76
1846960 517 55
1847776 518 61
1848592 517 78
1849408 518 54
1850216 519 56
1851024 517 69
1851840 516 48
1852656 517 50
1853472 516 73
1854280 516 49
1855088 517 52
1855904 517 75
1856720 517 63
1857528 518 57
1858336 517 82
1859152 517 63
1859968 518 52
1860784 518 76
1861592 517 67
1862404 517 51
1863216 518 80
1864032 518 77
1864848 518 53
1865656 518 78
1866464 518 73
1867280 518 50
1868096 517 73
1868912 517 82
1869720 517 53
1870528 518 68
1871344 517 78
1872160 517 47
1872976 517 57
1873784 516 80
1874592 514 45
1875408 515 53
1876224 516 58
1877040 517 60
1877848 517 61
1878656 517 67
1879472 517 67
1880288 518 61
1881104 517 75
1881916 517 69
1882724 518 62
1883536 517 72
1884352 517 62
1885160 518 60
1885968 517 74
1886784 517 74
1887600 518 65
1888416 518 79
1889224 517 74
1890032 519 64
1890848 518 73
1891664 517 85
1892480 517 63
1893288 518 74
1894100 517 86
1894912 518 60
1895728 518 71
1896544 517 86
1897352 518 63
1898160 517 68
1898976 517 91
1899792 518 66
1900608 518 66
1901420 517 92
1902228 518 62
1903040 518 62
1903856 517 91
1904672 516 62
1905480 517 63
1906288 517 89
1907104 517 76
1907920 518 73
1908732 517 96
1909540 518 70
1910352 518 64
1911168 517 92
1911984 518 74
1912796 517 64
1913612 517 94
1914432 518 76
1915248 518 61
1916064 518 91
1916876 518 76
1917684 518 62
1918496 519 90
1919312 517 80
1920132 517 61
1920936 518 90
1921744 517 78
1922560 519 61
1923376 518 85
1924192 517 76
1925000 518 57
1925808 518 87
1926624 518 83
1927440 519 66
1928256 518 90
1929064 518 83
1929872 518 54
1930688 518 78
1931504 517 82
1932320 516 54
1933128 516 5
1933892 513 59
1934712 515 0
1935484 514 84
1936296 515 70
1937104 517 66
1937920 517 92
1938736 517 70
1939552 519 68
1940360 517 91
1941172 516 50
1941984 517 64
1942800 519 93
1943616 518 63
1944428 518 70
1945236 517 88
1946048 518 62
1946864 518 68
1947680 518 83
1948488 516 32
1949296 517 70
1950112 517 40
1950928 517 58
1951736 518 75
1952548 515 31
1953360 514 50
1954176 517 80
1954992 517 75
1955804 518 67
1956612 518 102
1957468 519 71
1958288 518 76
1959104 519 100
1959964 519 64
1960780 519 74
1961588 518 96
1962400 518 62
1963216 519 83
1964024 519 90
1964832 518 61
1965648 518 89
1966464 518 86
1967280 518 59
1968088 518 89
1968896 518 74
1969712 518 60
1970528 518 86
1971344 517 64
1972152 518 62
1972960 516 76
1973776 516 48
1974592 517 21
1975408 514 64
1976216 517 58
1977024 517 81
1977840 519 71
1978656 518 69
1979472 519 79
1980284 519 0
1981048 518 76
1981864 518 108
1982724 518 66
1983544 520 77
1984356 518 95
1985160 518 58
1985976 517 82
1986792 518 88
1987608 518 64
1988416 518 88
1989224 518 79
1990040 518 64
1990856 518 93
1991664 519 70
1992476 518 65
1993288 517 82
1994104 518 65
1994920 518 74
1995732 518 75
1996540 519 67
1997352 519 77
1998168 517 68
1998984 518 65
1999792 518 81
2000604 518 72
2001416 519 70
2002232 518 68
2003048 518 70
2003856 518 78
2004664 520 96
2005480 518 66
2006296 519 81
2007112 518 87
2007920 518 60
2008728 518 85
2009544 518 82
2010360 519 62
2011176 518 91
2011984 518 81
2012796 518 64
2013608 519 94
2014424 517 74
2015240 518 65
2016048 518 96
2016856 518 72
2017672 518 68
2018488 518 97
2019296 518 69
2020104 519 73
2020920 518 92
2021736 518 63
2022552 518 77
2023360 519 82
2024168 519 60
2024984 518 77
2025800 517 80
2026616 518 64
2027424 519 78
2028236 517 72
2029048 520 70
2029864 519 78
2030680 517 57
2031488 519 68
2032300 518 74
2033112 519 76
2033928 519 63
2034744 517 66
2035556 517 64
2036364 517 41
2037176 518 0
2037948 513 51
2038760 516 65
2039572 517 87
2040384 517 62
2041200 518 77
2042016 518 93
2042828 518 58
2043636 518 78
2044448 518 85
2045264 518 54
2046080 518 78
2046892 518 84
2047700 518 58
2048512 518 82
2049324 518 83
2050140 520 58
2050952 518 84
2051760 518 79
2052576 517 34
2053392 516 82
2054208 517 73
2055016 517 52
2055824 517 78
2056640 518 71
2057456 517 54
2058272 518 81
2059080 517 74
2059888 518 55
2060704 518 90
2061520 518 73
2062328 518 59
2063136 518 88
2063952 518 72
2064768 518 60
2065584 518 85
2066392 518 65
2067200 520 59
2068012 518 78
2068832 518 66
2069648 517 62
2070456 518 89
2071264 518 67
2072080 518 61
2072896 518 87
2073712 518 63
2074520 518 56
2075328 517 85
2076144 517 57
2076960 519 59
2077776 516 79
2078584 518 67
2079392 518 64
2080208 518 88
2081020 517 62
2081840 518 58
2082648 517 85
2083456 518 65
2084272 518 61
2085088 519 87
2085904 517 69
2086712 518 59
2087520 519 85
2088336 517 67
2089152 518 57
2089960 519 86
2090768 518 70
2091584 518 56
2092400 518 84
2093216 518 70
2094024 518 49
2094832 518 75
2095648 517 69
2096464 515 35
2097280 517 71
2098088 516 69
2098896 517 52
2099712 517 68
2100528 518 77
2101344 517 50
2102152 519 76
2102960 517 83
2103776 517 52
2104592 517 71
2105408 517 86
2106216 518 55
2107024 518 72
2107840 518 91
2108656 517 55
2109472 518 64
2110280 518 62
2111088 517 59
2111904 519 62
2112720 518 66
2113528 517 67
2114336 518 60
2115152 518 69
2115968 517 62
2116784 518 53
2117592 517 66
2118404 516 38
2119216 516 46
2120032 517 63
2120848 516 49
2121656 516 52
2122464 517 69
2123280 517 81
2124096 519 55
2124912 517 63
2125720 517 81
2126528 518 58
2127344 519 63
2128160 518 84
2128976 518 63
2129784 518 59
2130592 518 83
2131408 518 62
2132224 517 55
2133040 517 86
2133848 518 71
2134656 517 54
2135472 519 84
2136288 517 72
2137104 517 54
2137912 518 81
2138720 518 74
2139536 518 52
2140352 518 80
2141160 517 81
2141968 519 55
2142784 518 77
2143600 519 83
2144416 518 57
2145224 517 76
2146036 517 83
2146848 518 55
2147664 518 69
2148480 518 84
2149288 517 57
2150096 518 69
2150912 517 89
2151728 518 62
2152544 518 67
2153352 517 92
2154160 517 59
2154976 518 66
2155792 518 95
2156608 518 65
2157416 518 71
2158228 517 93
2159040 518 62
2159856 518 69
2160672 518 66
2161480 517 58
2162288 518 68
2163104 518 92
2163920 518 62
2164728 519 72
2165536 518 94
2166352 518 62
2167168 519 76
2167984 518 91
2168796 518 59
2169600 518 74
2170416 519 93
2171232 518 64
2172048 519 77
2172856 520 88
2173664 518 62
2174480 518 79
2175296 518 83
2176112 518 57
2176920 519 80
2177728 518 83
2178544 518 63
2179360 519 86
2180176 519 82
2180984 518 59
2181792 518 88
2182608 518 75
2183424 519 61
2184240 518 92
2185048 519 74
2185856 519 65
2186672 518 96
2187488 519 72
2188304 518 67
2189116 519 92
2189920 519 68
2190736 518 70
2191552 519 91
2192360 519 68
2193168 519 78
2193984 518 83
2194800 518 66
2195616 519 77
2196424 519 75
2197236 520 68
2198048 518 77
2198864 518 23
2199680 519 69
2200488 519 77
2201296 519 73
2202112 519 76
2202928 518 108
2203788 518 74
2204596 519 78
2205400 520 98
2206216 518 66
2207032 519 78
2207848 520 97
2208660 518 68
2209464 519 84
2210280 519 89
2211096 519 68
2211912 519 88
2212720 518 85
2213528 519 60
2214344 519 89
2215160 518 82
2215976 518 64
2216788 519 94
2217596 518 77
2218408 519 66
2219224 518 90
2220040 518 75
2220852 519 65
2221656 518 92
2222472 518 74
2223288 520 65
2224096 519 96
2224904 519 71
2225720 519 71
2226536 518 91
2227352 518 66
2228160 518 63
2228968 518 90
2229784 517 60
2230600 518 66
2231416 518 91
2232228 518 62
2233036 518 70
2233848 518 88
2234664 519 59
2235480 519 69
2236292 517 86
2237100 519 66
2237912 518 71
2238728 517 86
2239544 518 63
2240356 519 72
2241168 518 85
2241984 518 59
2242800 518 72
2243616 517 85
2244424 518 65
2245232 518 65
2246048 518 85
2246864 518 62
2247672 518 69
2248484 517 88
2249296 518 58
2250112 519 67
2250928 518 86
2251736 518 63
2252548 518 64
2253360 517 87
2254176 518 58
2254992 518 60
2255800 517 86
2256608 518 55
2257424 518 60
2258240 517 84
2259056 518 58
2259864 518 63
2260672 517 91
2261488 518 64
2262304 518 65
2263120 518 85
2263928 518 62
2264736 518 62
2265552 518 87
2266368 517 66
2267184 518 62
2267996 517 87
2268804 518 66
2269616 518 61
2270432 518 85
2271248 518 65
2272060 518 61
2272864 518 86
2273680 519 68
2274496 518 57
2275304 518 85
2276112 517 65
2276928 519 53
2277744 517 82
2278560 517 68
2279368 518 53
2280176 517 85
2280992 517 75
2281808 517 58
2282624 517 86
2283432 518 76
2284244 518 55
2285056 518 84
2285872 518 79
2286688 517 57
2287496 518 85
2288308 517 82
2289120 518 58
2289936 519 85
2290752 518 84
2291564 517 59
2292372 518 81
2293184 518 83
2294000 518 55
2294816 517 79
2295624 518 83
2296432 517 56
2297248 518 75
2298064 517 90
2298872 517 61
2299684 518 77
2300496 518 91
2301312 517 58
2302128 518 74
2302940 518 92
2303748 518 63
2304560 518 74
2305376 517 93
2306192 518 63
2307000 519 77
2307808 518 94
2308624 517 57
2309440 518 67
2310256 518 91
2311068 517 63
2311872 518 63
2312688 517 60
2313504 516 64
2314320 518 58
2315128 517 64
2315936 517 57
2316752 518 59
2317568 517 64
2318384 517 66
2319196 517 64
2320004 518 71
2320824 517 73
2321640 519 67
2322456 517 73
2323264 517 72
2324072 519 65
2324888 518 72
2325704 517 72
2326516 519 68
2327320 519 71
2328136 517 74
2328952 518 63
2329768 518 73
2330576 517 68
2331384 518 56
2332200 518 72
2333016 517 15
2333832 516 33
2334644 516 70
2335452 517 66
2336264 517 57
2337080 518 77
2337896 517 67
2338704 518 65
2339512 518 67
2340328 517 69
2341144 518 72
2341960 518 69
2342772 517 67
2343576 519 71
2344392 518 71
2345208 517 72
2346024 518 71
2346832 518 66
2347644 518 69
2348456 519 74
2349272 518 65
2350088 518 70
2350896 518 68
2351708 519 67
2352520 518 57
2353336 518 68
2354148 517 93
2354956 517 62
2355768 518 62
2356584 518 94
2357400 517 61
2358212 517 46
2359020 517 88
2359832 518 59
2360648 517 67
2361464 516 92
2362276 518 61
2363080 518 72
2363896 518 76
2364712 517 61
2365528 518 74
2366340 517 94
2367148 518 60
2367960 519 74
2368776 518 91
2369592 517 58
2370404 518 73
2371212 517 89
2372024 517 60
2372840 518 71
2373656 518 93
2374468 517 56
2375272 517 66
2376088 518 91
2376904 518 59
2377712 518 67
2378524 517 92
2379336 517 60
2380152 518 61
2380968 517 65
2381776 517 58
2382584 517 60
2383400 518 65
2384216 517 65
2385032 517 61
2385844 518 68
2386652 516 70
2387464 518 58
2388280 517 73
2389096 517 54
2389908 518 59
2390724 518 70
2391536 517 70
2392352 517 57
2393168 518 73
2393980 517 73
2394796 518 56
2395608 517 68
2396424 517 76
2397240 518 57
2398052 517 65
2398860 517 83
2399680 517 62
2400496 518 61
2401312 517 86
2402120 518 60
2402928 518 53
2403744 517 82
2404560 518 61
2405368 517 50
2406180 517 77
2406992 516 64
2407808 517 46
2408624 517 71
2409432 517 76
2410244 518 47
2411056 517 64
2411872 517 83
2412688 518 57
2413500 518 60
2414308 517 65
2415120 516 66
2415936 518 57
2416752 517 69
2417560 517 69
2418372 518 56
2419184 517 63
2420000 517 77
2420816 517 52
2421624 517 56
2422432 517 80
2423248 517 57
2424064 518 50
2424880 516 77
2425692 517 67
2426496 517 45
2427312 517 68
2428128 516 71
2428944 515 47
2429756 517 55
2430564 517 60
2431376 517 54
2432192 516 47
2433000 516 66
2433808 517 52
2434624 517 51
2435440 518 63
2436256 515 75
2437068 518 50
2437876 517 52
2438688 516 79
2439504 517 63
2440320 517 49
2441128 517 74
2441940 516 73
2442752 517 42
2443568 517 59
2444384 516 58
2445196 517 56
2446004 517 54
2446816 517 62
2447632 516 69
2448448 516 51
2449256 517 52
2450068 517 76
2450880 517 48
2451696 516 42
2452512 516 71
2453324 515 55
2454132 516 36
2454944 516 59
2455760 516 80
2456572 516 53
2457380 517 49
2458196 517 67
2459016 516 61
2459832 517 49
2460640 516 54
2461448 516 76
2462264 516 53
2463080 518 48
2463896 517 73
2464708 516 67
2465512 516 41
2466328 517 58
2467144 517 80
2467960 515 53
2468768 517 53
2469576 516 64
2470392 517 66
2471208 517 45
2472024 517 51
2472832 516 74
2473640 516 45
2474456 516 42
2475272 517 74
2476088 516 66
2476896 517 41
2477704 516 52
2478520 516 53
2479336 515 51
2480152 516 46
2480960 516 62
2481768 516 59
2482584 516 48
2483400 517 54
2484208 517 75
2485016 518 55
2485832 516 45
2486648 516 70
2487464 517 65
2488272 516 42
2489080 517 62
2489896 518 80
2490712 517 56
2491528 516 52
2492336 518 63
2493148 516 62
2493960 517 43
2494776 516 53
2495592 514 61
2496404 515 50
2497216 515 0
2497988 513 72
2498808 513 41
2499624 515 40
2500432 515 68
2501240 515 66
2502056 517 51
2502872 516 64
2503688 517 82
2504496 516 52
2505304 517 61
2506120 517 61
2506936 517 59
2507748 518 58
2508556 517 67
2509368 516 60
2510184 518 54
2511000 517 66
2511812 517 68
2512620 517 51
2513432 517 11
2514248 514 65
2515064 515 39
2515876 516 2
2516640 514 58
2517456 514 36
2518272 515 51
2519088 514 70
2519896 515 52
2520708 517 56
2521520 515 73
2522336 516 58
2523152 517 57
2523964 517 78
2524772 518 64
2525584 518 59
2526400 518 83
2527212 518 67
2528020 518 57
2528832 517 81
2529648 517 68
2530464 518 54
2531276 518 87
2532084 518 70
2532896 518 54
2533712 517 78
2534528 516 67
2535336 518 53
2536148 516 77
2536960 517 67
2537776 518 50
2538592 516 75
2539404 517 66
2540220 517 50
2541040 517 79
2541856 517 72
2542672 517 53
2543484 518 79
2544292 517 72
2545104 517 56
2545920 517 77
2546736 517 75
2547548 518 55
2548364 517 82
2549176 517 70
2549992 518 51
2550808 517 80
2551620 517 75
2552428 518 54
2553248 517 84
2554064 518 74
2554876 518 57
2555692 518 84
2556508 518 73
2557328 519 55
2558144 518 82
2558956 517 76
2559772 518 56
2560596 518 78
2561408 517 76
2562224 517 56
2563032 518 79
2563840 518 76
2564656 518 53
2565472 518 77
2566288 519 79
2567096 518 55
2567904 518 77
2568720 519 80
2569536 518 56
2570352 519 76
2571160 518 79
2571968 517 52
2572784 518 73
2573600 518 84
2574416 517 57
2575224 518 75
2576032 518 86
2576848 518 59
2577664 518 67
2578480 518 89
2579288 517 57
2580096 518 65
2580912 517 68
2581728 517 62
2582544 518 60
2583352 518 64
2584160 517 66
2584976 517 54
2585792 517 69
2586600 516 46
2587408 518 51
2588224 517 73
2589040 518 52
2589856 517 59
2590664 518 70
2591476 517 76
2592288 517 57
2593104 518 72
2593920 517 76
2594728 519 54
2595536 517 66
2596352 517 82
2597168 518 57
2597984 517 60
2598796 517 86
2599600 517 59
2600416 518 58
2601232 517 83
2602048 518 60
2602856 517 56
2603664 517 82
2604480 518 66
2605296 517 50
2606112 517 81
2606920 517 72
2607728 517 50
2608544 517 79
2609360 517 74
2610168 518 55
2610980 518 79
2611792 517 85
2612608 517 56
2613424 518 74
2614236 518 85
2615044 517 54
2615856 518 71
2616672 518 88
2617488 517 60
2618300 518 69
2619108 518 91
2619920 517 65
2620736 517 65
2621552 519 69
2622360 517 64
2623168 519 64
2623984 519 67
2624800 518 51
2625612 518 64
2626424 518 71
2627232 518 60
2628048 517 59
2628864 518 70
2629680 517 67
2630488 518 57
2631296 518 73
2632112 517 79
2632928 517 59
2633744 518 72
2634552 518 80
2635360 519 61
2636176 517 72
2636992 517 83
2637800 518 61
2638608 517 71
2639424 518 91
2640240 518 64
2641056 518 77
2641864 517 92
2642672 518 61
2643488 518 73
2644304 517 92
2645120 517 68
2645928 518 71
2646736 517 95
2647552 518 66
2648368 519 75
2649184 517 95
2649992 518 67
2650800 519 69
2651616 517 96
2652432 518 65
2653248 517 67
2654056 517 94
2654864 518 59
2655680 518 59
2656496 516 93
2657312 516 43
2658120 516 64
2658928 516 66
2659744 517 53
2660560 517 71
2661368 515 75
2662180 517 77
2662992 517 85
2663808 518 88
2664624 518 72
2665432 518 85
2666240 517 90
2667056 518 67
2667872 518 82
2668688 517 84
2669496 517 70
2670304 518 81
2671120 518 73
2671936 518 68
2672752 518 79
2673560 516 70
2674368 517 59
2675184 516 74
2676000 517 70
2676816 518 71
2677624 517 104
2678476 516 69
2679296 518 77
2680112 518 107
2680972 518 69
2681776 518 84
2682584 518 102
2683444 518 68
2684256 518 90
2685072 519 97
2685880 517 67
2686688 518 96
2687504 518 88
2688320 518 63
2689132 518 94
2689944 518 82
2690752 518 68
2691568 517 97
2692384 518 76
2693200 519 67
2694008 519 96
2694816 517 64
2695632 519 67
2696448 518 80
2697264 517 58
2698072 517 79
2698880 517 76
2699696 518 68
2700512 518 81
2701328 517 81
2702136 519 68
2702944 518 84
2703760 518 54
2704576 519 70
2705384 518 78
2706192 517 74
2707008 518 77
2707824 519 71
2708640 517 73
2709448 520 80
2710256 518 97
2711072 518 61
2711888 518 80
2712704 517 89
2713512 518 63
2714324 517 79
2715144 517 86
2715960 517 56
2716776 519 79
2717588 517 82
2718392 517 58
2719208 517 90
2720024 517 78
2720836 517 63
2721648 517 88
2722456 517 78
2723272 518 61
2724088 518 88
2724900 517 73
2725712 518 61
2726520 518 95
2727336 518 75
2728152 518 60
2728968 517 90
2729776 519 71
2730584 518 63
2731400 517 90
2732216 518 67
2733024 519 61
2733832 518 88
2734648 516 63
2735464 518 55
2736280 517 87
2737088 516 56
2737896 516 0
2738668 515 88
2739488 516 61
2740304 517 55
2741112 517 86
2741920 517 59
2742736 518 63
2743552 517 80
2744368 517 68
2745176 517 57
2745984 517 85
2746800 518 68
2747616 518 55
2748432 517 85
2749240 518 71
2750048 518 55
2750864 517 83
2751680 517 74
2752492 517 51
2753296 517 80
2754112 517 74
2754928 517 50
2755744 517 74
2756556 517 76
2757364 517 35
2758176 516 61
2758992 515 84
2759808 514 41
2760616 515 43
2761424 515 91
2762240 515 45
2763056 515 56
2763872 516 66
2764684 516 62
2765492 517 58
2766304 518 70
2767120 516 51
2767936 517 56
2768744 517 73
2769552 516 20
2770368 517 51
2771184 517 66
2772000 515 49
2772808 517 48
2773616 518 58
2774432 516 64
2775248 516 46
2776056 516 54
2776864 515 64
2777680 516 46
2778496 516 50
2779312 516 73
2780124 516 68
2780932 517 55
2781744 516 81
2782560 516 77
2783376 518 54
2784188 516 75
2784992 516 81
2785808 516 50
2786624 516 71
2787440 516 90
2788248 517 54
2789056 517 64
2789872 517 65
2790688 516 63
2791504 517 62
2792316 517 69
2793124 517 40
2793936 517 52
2794752 518 64
2795568 516 66
2796376 516 48
2797184 517 56
2798000 516 71
2798816 516 52
2799632 516 51
2800444 515 77
2801248 516 66
2802064 516 48
2802880 516 74
2803688 516 78
2804496 516 49
2805312 516 65
2806128 517 85
2806944 517 59
2807752 517 58
2808560 516 67
2809376 516 59
2810192 519 52
2811008 517 65
2811816 516 73
2812628 517 54
2813440 517 57
2814256 516 82
2815072 517 63
2815884 517 50
2816692 517 76
2817512 517 70
2818328 516 46
2819144 517 63
2819952 516 79
2820760 516 54
2821576 517 56
2822392 518 66
2823208 517 63
2824016 517 51
2824824 516 61
2825640 517 76
2826456 517 52
2827272 517 54
2828080 516 78
2828888 516 64
2829704 516 49
2830520 517 73
2831328 517 74
2832140 517 48
2832952 517 65
2833768 517 87
2834584 517 60
2835392 517 57
2836200 517 69
2837016 517 65
2837832 516 51
2838648 517 61
2839456 516 77
2840268 517 53
2841080 517 55
2841896 516 85
2842712 517 64
2843524 517 52
2844328 519 77
2845144 517 74
2845960 517 49
2846776 517 60
2847584 516 80
2848396 516 52
2849208 516 39
2850024 516 61
2850840 516 54
2851648 516 52
2852460 517 69
2853272 516 71
2854088 517 54
2854900 517 61
2855704 516 80
2856520 518 54
2857336 517 60
2858152 517 83
2858964 517 58
2859772 518 54
2860584 517 80
2861400 516 70
2862216 517 56
2863028 517 83
2863836 518 75
2864648 517 52
2865464 517 76
2866280 517 77
2867092 517 53
2867908 518 66
2868728 517 79
2869544 516 51
2870360 516 63
2871168 517 95
2871976 517 64
2872792 517 67
2873608 517 75
2874424 517 70
2875232 518 64
2876040 518 74
2876856 518 73
2877672 518 68
2878488 517 79
2879296 518 56
2880108 518 68
2880916 518 82
2881736 516 60
2882544 517 64
2883352 518 79
2884168 518 72
2884984 519 64
2885800 518 78
2886608 517 67
2887416 518 65
2888232 518 80
2889048 517 65
2889864 519 63
2890672 519 76
2891480 516 69
2892296 518 59
2893112 518 75
2893928 517 56
2894736 516 57
2895552 517 74
2896368 518 43
2897184 517 58
2898000 517 76
2898808 517 44
2899616 517 66
2900432 518 78
2901248 517 10
2902064 518 67
2902876 518 80
2903680 518 71
2904496 518 68
2905312 518 75
2906128 517 72
2906936 518 68
2907744 518 73
2908560 517 72
2909376 519 69
2910184 518 75
2910996 517 67
2911808 519 69
2912624 517 67
2913440 518 65
2914248 517 66
2915056 517 71
2915872 517 60
2916688 519 68
2917504 518 70
2918316 517 62
2919132 516 59
2919952 516 73
2920768 518 63
2921584 517 71
2922396 517 99
2923204 517 63
2924016 517 72
2924832 518 67
2925648 517 64
2926456 518 70
2927264 518 94
2928080 517 61
2928896 518 69
2929712 518 97
2930520 519 67
2931332 518 65
2932144 517 66
2932960 517 56
2933776 517 63
2934584 517 92
2935392 516 63
2936208 516 58
2937024 517 96
2937836 517 61
2938644 518 67
2939456 517 67
2940272 517 65
2941088 517 64
2941900 517 72
2942708 518 65
2943528 518 65
2944344 517 66
2945160 516 64
2945968 518 68
2946776 518 71
2947592 517 64
2948408 517 64
2949224 518 70
2950032 517 70
2950844 518 64
2951656 518 72
2952472 518 69
2953288 517 63
2954096 518 72
2954904 518 52
2955720 518 63
2956536 518 70
2957352 518 64
2958160 517 59
2958968 518 71
2959784 518 73
2960600 518 58
2961416 517 73
2962224 517 72
2963032 518 54
2963848 517 71
2964664 517 78
2965472 518 58
2966280 518 70
2967096 518 82
2967912 518 59
2968728 518 70
2969540 517 80
2970348 518 58
2971168 518 66
2971984 517 85
2972800 518 62
2973608 518 68
2974416 517 85
2975232 518 58
2976048 518 65
2976864 517 85
2977672 518 57
2978480 517 67
2979296 517 87
2980112 518 60
2980928 518 66
2981736 518 90
2982548 518 62
2983360 519 64
2984176 518 88
2984992 518 61
2985800 517 61
2986608 517 88
2987424 518 63
2988240 518 60
2989052 517 88
2989856 518 62
2990672 518 62
2991488 518 87
2992304 518 64
2993112 519 62
2993924 518 89
2994736 518 65
2995552 518 63
2996368 518 89
2997176 518 63
2997988 517 62
2998800 517 87
2999616 518 61
3000432 518 62
3001244 503 535
3002108 512 425
3002968 510 327
3003832 510 462
3004696 510 479
3005560 509 346
3006420 509 460
3007276 510 494
3008132 510 364
3008992 509 486
3009856 510 498
3010720 510 377
3011576 509 525
3012436 510 469
3013292 509 398
3014152 510 571
3015016 509 417
3015880 510 442
3016744 509 623
3017604 509 423
3018456 509 548
3019320 509 465
3020184 510 463
3021048 510 577
3021912 509 438
3022772 509 583
3023628 510 472
3024488 509 492
3025352 509 670
3026216 509 470
3027080 510 620
3027940 508 462
3028804 510 597
3029660 510 499
3030520 509 538
3031384 509 565
3032248 509 513
3033112 510 607
3033972 509 493
3034832 510 658
3035696 509 505
3036560 509 664
3037424 510 501
3038288 509 629
3039148 509 523
3040012 509 602
3040880 510 539
3041744 509 598
3042608 509 564
3043472 509 566
3044332 509 586
3045188 510 583
3046044 509 594
3046904 510 564
3047768 509 605
3048632 509 578
3049496 510 612
3050356 510 571
3051220 510 617
3052088 510 596
3052952 509 608
3053816 509 589
3054680 509 606
3055540 509 626
3056396 509 594
3057264 509 632
3058128 509 573
3058992 509 663
3059856 509 577
3060716 509 672
3061572 509 571
3062436 509 700
3063304 510 581
3064168 510 697
3065032 509 581
3065896 510 741
3066756 509 603
3067620 509 659
3068488 509 620
3069352 509 620
3070220 509 671
3071080 509 602
3071940 509 718
3072804 510 595
3073664 509 729
3074528 509 607
3075392 510 689
3076256 510 616
3077112 511 653
3077972 509 685
3078824 509 614
3079688 509 743
3080552 509 608
3081416 510 750
3082280 509 626
3083136 509 676
3083992 509 667
3084856 510 623
3085720 509 725
3086584 509 623
3087448 509 721
3088304 509 626
3089160 509 678
3090024 511 700
3090888 510 632
3091752 509 749
3092616 510 627
3093472 510 777
3094332 510 667
3095188 509 657
3096048 509 718
3096912 509 633
3097776 509 764
3098640 509 653
3099496 509 681
3100356 510 703
3101216 509 636
3102080 510 758
3102944 509 648
3103808 510 706
3104668 509 689
3105528 510 638
3106392 509 751
3107256 509 649
3108120 508 716
3108984 510 681
3109844 509 647
3110696 510 750
3111556 509 650
3112424 509 722
3113288 510 675
3114152 509 654
3115016 509 749
3115876 509 652
3116732 510 729
3117592 510 680
3118456 510 654
3119320 509 747
3120184 509 651
3121040 509 729
3121904 509 674
3122768 509 658
3123632 509 748
3124496 509 654
3125360 509 731
3126216 509 680
3127072 511 661
3127936 509 757
3128800 509 661
3129664 509 728
3130528 510 700
3131388 509 655
3132240 509 769
3133100 509 671
3133960 510 718
3134824 509 733
3135688 509 669
3136552 508 791
3137412 509 702
3138268 509 688
3139128 510 789
3139992 509 680
3140856 509 739
3141720 509 756
3142580 510 689
3143432 510 769
3144296 509 721
3145160 509 688
3146024 509 798
3146888 510 712
3147748 509 716
3148604 509 802
3149468 509 703
3150328 510 739
3151192 509 790
3152060 510 717
3152920 508 755
3153780 510 780
3154636 509 710
3155504 510 767
3156368 510 784
3157232 510 718
3158096 509 774
3158956 509 772
3159812 509 713
3160680 509 779
3161544 508 773
3162408 509 719
3163272 510 783
3164132 509 764
3164996 509 716
3165860 509 836
3166720 510 773
3167584 509 721
3168448 509 788
3169312 508 760
3170172 510 723
3171028 509 840
3171896 509 779
3172760 509 728
3173624 509 792
3174488 510 776
3175344 509 727
3176204 509 792
3177064 509 793
3177928 509 735
3178792 509 785
3179656 509 799
3180516 509 735
3181380 509 777
3182236 510 813
3183104 509 745
3183968 510 766
3184836 509 833
3185696 509 745
3186556 509 751
3187412 510 835
3188280 509 769
3189144 509 750
3190008 509 819
3190872 509 784
3191732 509 747
3192596 510 810
3193464 509 815
3194328 509 758
3195192 510 789
3196056 509 846
3196916 510 767
3197772 509 765
3198636 509 854
3199496 509 804
3200360 510 768
3201224 509 814
3202088 509 826
3202944 509 770
3203800 509 782
3204664 510 857
3205528 509 807
3206392 509 778
3207256 509 823
3208112 509 840
3208968 510 783
3209832 509 784
3210696 509 871
3211560 509 828
3212424 509 790
3213284 510 817
3214136 509 865
3214992 509 806
3215856 509 792
3216720 510 843
3217584 510 861
3218448 509 809
3219304 509 800
3220160 509 852
3221024 509 852
3221888 509 804
3222752 509 807
3223616 511 894
3224476 510 861
3225332 508 815
3226192 509 817
3227056 509 868
3227920 509 858
3228784 509 817
3229640 509 817
3230496 509 900
3231360 509 873
3232224 510 828
3233088 510 827
3233952 509 870
3234808 510 890
3235664 510 836
3236524 509 830
3237384 510 865
3238248 509 896
3239112 509 865
3239976 509 839
3240836 509 850
3241688 509 889
3242552 509 879
3243416 509 844
3244280 509 845
3245144 510 881
3246000 509 906
3246860 509 876
3247720 509 853
3248584 509 859
3249448 510 897
3250312 510 913
3251172 509 868
3252036 509 859
3252896 509 872
3253760 510 928
3254624 510 907
3255488 509 877
3256352 509 869
3257208 510 885
3258064 509 913
3258928 509 910
3259792 509 881
3260656 509 874
3261520 510 885
3262380 509 942
3263236 509 924
3264104 510 901
3264968 509 885
3265832 509 885
3266696 509 912
3267556 509 933
3268412 510 915
3269268 508 890
3270128 510 891
3270992 509 904
3271856 509 950
3272720 509 936
3273580 509 919
3274436 510 903
3275304 509 902
3276168 509 917
3277032 510 940
3277896 510 946
3278752 509 921
3279608 509 908
3280472 509 908
3281336 509 921
3282200 509 964
3283060 510 952
3283920 508 935
3284776 510 921
3285632 509 916
3286496 509 922
3287360 509 941
3288224 509 954
3289080 509 947
3289936 510 935
3290792 510 927
3291656 509 926
3292520 509 934
3293384 510 954
3294248 510 969
3295104 509 959
3295960 509 946
3296824 509 937
3297688 509 935
3298552 510 942
3299416 509 958
3300272 509 968
3301128 509 970
3301992 510 957
3302856 510 946
3303720 510 946
3304584 509 946
3305440 509 957
3306296 509 991
3307152 510 983
3308016 509 974
3308880 509 968
3309740 510 959
3310608 509 957
3311464 510 958
3312324 509 963
3313184 509 975
3314048 509 983
3314912 509 992
3315776 509 982
3316632 509 977
3317488 510 973
3318352 509 973
3319216 509 972
3320080 509 976
3320944 509 985
3321800 509 1007
3322700 509 1000
3323604 510 998
3324472 509 993
3325336 509 989
3326200 509 986
3327064 510 987
3327924 509 987
3328780 509 989
3329636 510 995
3330504 510 1003
3331412 509 1006
3332312 509 1010
3333220 509 1013
3334116 510 1010
3335020 510 1009
3335924 509 1006
3336836 509 1006
3337740 509 1008
3338644 510 1010
3339544 510 1013
3340452 509 1015
3341356 509 1019
3342252 510 1022
3343156 509 1023
3344060 510 1023
3344968 509 1023
3345872 509 1023
3346780 510 1023
3347684 510 1023
3348596 509 1023
3349492 509 1023
3350396 509 1023
3351300 510 1023
3352212 510 1023
3353124 508 1023
3354036 509 1023
3354948 509 1023
3355852 509 1023
3356756 510 1023
3357660 509 1023
3358564 509 1023
3359468 509 1023
3360380 510 1023
3361280 508 1023
3362184 509 1023
3363092 509 1023
3363996 509 1023
3364900 510 1023
3365796 509 1023
3366700 510 1023
3367604 509 1023
3368516 510 1023
3369420 509 1023
3370324 510 1023
3371228 510 1023
3372132 510 1023
3373028 510 1023
3373932 509 1023
3374836 509 1023
3375748 509 1023
3376652 510 1023
3377564 509 1023
3378468 509 1023
3379380 509 1023
3380288 510 1023
3381188 509 1023
3382092 509 1023
3382996 510 1023
3383908 510 1023
3384812 509 1023
3385720 509 1023
3386624 509 1023
3387532 509 1023
3388436 510 1023
3389332 509 1023
3390236 510 1023
3391148 510 1023
3392060 510 1023
3392968 510 1023
3393872 509 1023
3394780 509 1023
3395684 510 1023
3396580 510 1023
3397484 510 1023
3398388 509 1023
3399300 509 1023
3400212 509 1023
3401124 509 1023
3402028 509 1023
3402932 509 1023
3403836 509 1023
3404732 509 1023
3405636 509 1023
3406540 510 1023
3407452 509 1023
3408356 509 1023
3409260 510 1023
3410164 510 1023
3411068 509 1023
3411964 509 1023
3412876 509 1023
3413780 509 1023
3414692 510 1023
3415604 509 1023
3416516 510 1023
3417428 510 1023
3418340 509 1023
3419252 509 1023
3420156 509 1023
3421068 509 1023
3421980 509 1023
3422892 509 1023
3423804 510 1023
3424708 509 1023
3425620 510 1023
3426524 509 1023
3427428 509 1023
3428332 509 1023
3429236 509 1023
3430140 510 1023
3431052 509 1023
3431964 509 1023
3432868 510 1023
3433780 510 1023
3434692 510 1023
3435604 509 1023
3436508 509 1023
3437412 510 1023
3438320 509 1023
3439228 510 1023
3440140 509 1023
3441052 509 1023
3441952 509 1023
3442860 509 1023
3443764 509 1023
3444660 509 1023
3445564 510 1023
3446468 510 1023
3447380 509 1023
3448284 510 1023
3449188 510 1023
3450100 510 1023
3451012 510 1023
3451924 509 1023
3452828 509 1023
3453732 509 1023
3454636 510 1023
3455548 509 1023
3456460 509 1023
3457368 509 1023
3458276 509 1023
3459180 509 1023
3460076 509 1023
3460980 510 1023
3461884 509 1023
3462796 509 1023
3463700 510 1023
3464604 509 1023
3465508 509 1023
3466412 509 1023
3467324 510 1023
3468220 509 1023
3469124 509 1023
3470028 510 1023
3470940 509 1023
3471852 509 1023
3472764 509 1023
3473676 510 1023
3474580 509 1023
3475492 509 1023
3476396 509 1023
3477304 510 1023
3478204 509 1023
3479116 509 1023
3480028 509 1023
3480940 509 1023
3481852 508 1023
3482760 509 1023
3483668 509 1023
3484564 509 1023
3485468 509 1023
3486380 509 1023
3487284 510 1023
3488196 510 1023
3489100 509 1023
3490004 510 1023
3490908 510 1023
3491804 509 1023
3492708 509 1023
3493612 509 1023
3494524 511 1023
3495428 509 1023
3496332 509 1023
3497244 509 1023
3498148 509 1023
3499060 510 1023
3499964 509 1023
3500868 509 1023
3501772 510 1023
3502684 509 1023
3503596 510 1023
3504508 509 1023
3505420 509 1023
3506332 509 1023
3507244 510 1023
3508148 509 1023
3509052 509 1023
3509956 510 1023
3510868 509 1023
3511780 510 1023
3512692 509 1023
3513604 509 1023
3514516 509 1023
3515420 510 1023
3516328 509 1023
3517228 510 1023
3518136 509 1023
3519044 509 1023
3519956 510 1023
3520868 509 1023
3521780 509 1023
3522684 509 1023
3523580 509 1023
3524484 509 1023
3525388 509 1023
3526300 509 1023
3527204 510 1023
3528116 509 1023
3529020 509 1023
3529924 509 1023
3530828 510 1023
3531724 509 1023
3532628 509 1023
3533536 510 1023
3534444 510 1023
3535348 509 1023
3536252 509 1023
3537164 509 1023
3538068 509 1023
3538980 509 1023
3539876 510 1023
3540780 509 1023
3541684 509 1023
3542596 510 1023
3543508 510 1023
3544420 510 1023
3545332 510 1023
3546236 509 1023
3547148 511 1023
3548052 509 1023
3548956 509 1023
3549868 509 1023
3550780 509 1023
3551692 510 1023
3552604 509 1023
3553516 509 1023
3554428 510 1023
3555340 510 1023
3556244 509 1023
3557148 510 1023
3558060 509 1023
3558972 509 1023
3559884 509 1023
3560796 510 1023
3561708 508 1023
3562620 509 1023
3563532 509 1023
3564436 509 1023
3565340 509 1023
3566252 509 1023
3567164 509 1023
3568076 510 1023
3568988 510 1023
3569900 509 1023
3570812 510 1023
3571724 509 1023
3572628 510 1023
3573532 510 1023
3574444 509 1023
3575356 509 1023
3576268 510 1023
3577180 509 1023
3578092 509 1023
3579004 509 1023
3579916 509 1023
3580824 509 1023
3581724 510 1023
3582636 509 1023
3583548 510 1023
3584460 509 1023
3585368 509 1023
3586272 509 1023
3587180 509 1023
3588076 509 1023
3588980 510 1023
3589884 509 1023
3590796 509 1023
3591700 509 1023
3592612 509 1023
3593524 510 1023
3594436 509 1023
3595348 509 1023
3596244 509 1023
3597148 510 1023
3598052 509 1023
3598964 509 1023
3599876 509 1023
3600788 509 1023
3601700 509 1023
3602604 509 1023
3603508 509 1023
3604404 509 1023
3605308 510 1023
3606212 509 1023
3607124 509 1023
3608028 509 1023
3608932 509 1023
3609836 510 1023
3610740 510 1023
3611636 509 1023
3612540 509 1023
3613444 509 1023
3614356 509 1023
3615260 509 1023
3616172 509 1023
3617072 510 1023
3617980 510 1023
3618884 509 1023
3619780 510 1023
3620684 509 1023
3621588 509 1023
3622500 510 1023
3623412 509 1023
3624316 510 1023
3625228 509 1023
3626140 510 1023
3627044 509 1023
3627948 509 1023
3628852 509 1023
3629756 510 1023
3630668 509 1023
3631580 509 1023
3632492 509 1023
3633404 509 1023
3634316 510 1023
3635228 510 1023
3636132 509 1023
3637036 509 1023
3637940 509 1023
3638852 509 1023
3639764 509 1023
3640676 509 1023
3641588 509 1023
3642492 509 1023
3643404 509 1023
3644308 509 1023
3645212 509 1023
3646124 509 1023
3647036 509 1023
3647948 509 1023
3648860 509 1023
3649772 509 1023
3650676 510 1023
3651572 509 1023
3652476 510 1023
3653380 509 1023
3654292 509 1023
3655204 510 1023
3656116 509 1023
3657028 510 1023
3657932 509 1023
3658844 509 1023
3659748 509 1023
3660652 509 1023
3661556 510 1023
3662468 509 1023
3663380 510 1023
3664284 509 1023
3665196 509 1023
3666108 509 1023
3667020 509 1023
3667916 509 1023
3668820 509 1023
3669724 509 1023
3670636 509 1023
3671548 509 1023
3672460 509 1023
3673372 509 1023
3674284 509 1023
3675196 509 1023
3676104 510 1023
3677008 510 1023
3677908 509 1023
3678820 509 1023
3679732 509 1023
3680644 509 1023
3681556 509 1023
3682460 509 1023
3683372 509 1023
3684276 509 1023
3685180 509 1023
3686084 509 1023
3686996 510 1023
3687908 509 1023
3688812 509 1023
3689712 509 1023
3690620 510 1023
3691516 509 1023
3692420 509 1023
3693324 509 1023
3694236 510 1023
3695140 509 1023
3696052 509 1023
3696964 509 1023
3697864 509 1023
3698772 509 1023
3699676 510 1023
3700580 509 1023
3701484 510 1023
3702396 509 1023
3703308 510 1023
3704220 510 1023
3705132 509 1023
3706044 509 1023
3706956 509 1023
3707860 510 1023
3708764 509 1023
3709668 509 1023
3710580 509 1023
3711492 510 1023
3712404 509 1023
3713312 509 1023
3714220 509 1023
3715124 510 1023
3716028 510 1023
3716932 510 1023
3717836 509 1023
3718748 509 1023
3719660 509 1023
3720572 510 1023
3721484 509 1023
3722396 509 1023
3723308 509 1023
3724212 509 1023
3725116 510 1023
3726020 509 1023
3726932 510 1023
3727844 509 1023
3728756 509 1023
3729668 509 1023
3730572 510 1023
3731476 510 1023
3732380 509 1023
3733284 509 1023
3734188 509 1023
3735100 509 1023
3736012 508 1023
3736924 510 1023
3737836 510 1023
3738748 509 1023
3739660 509 1023
3740564 509 1023
3741468 510 1023
3742380 509 1023
3743292 509 1023
3744204 510 1023
3745116 509 1023
3746020 509 1023
3746932 509 1023
3747836 509 1023
3748752 509 1023
3749652 509 1023
3750564 509 1023
3751476 510 1023
3752380 509 1023
3753292 509 1023
3754204 509 1023
3755116 509 1023
3756024 509 1023
3756924 510 1023
3757828 510 1023
3758740 509 1023
3759652 509 1023
3760564 509 1023
3761476 510 1023
3762388 509 1023
3763300 508 1023
3764204 509 1023
3765108 510 1023
3766016 509 1023
3766924 509 1023
3767836 510 1023
3768748 509 1023
3769660 510 1023
3770564 510 1023
3771468 509 1023
3772372 509 1023
3773276 510 1023
3774184 510 1023
3775092 509 1023
3776004 509 1023
3776912 509 1023
3777820 510 1023
3778732 509 1023
3779644 509 1023
3780548 509 1023
3781452 509 1023
3782356 509 1023
3783268 509 1023
3784180 510 1023
3785092 509 1023
3786004 509 1023
3786916 509 1023
3787828 509 1023
3788736 509 1023
3789640 510 1023
3790540 509 1023
3791452 509 1023
3792364 509 1023
3793276 510 1023
3794188 510 1023
3795100 509 1023
3796012 509 1023
3796916 510 1023
3797820 509 1023
3798724 509 1023
3799636 509 1023
3800548 509 1023
3801460 509 1023
3802372 509 1023
3803284 508 1023
3804196 510 1023
3805100 509 1023
3806008 509 1023
3806912 510 1023
3807820 509 1023
3808732 510 1023
3809644 510 1023
3810556 510 1023
3811468 509 1023
3812380 509 1023
3813284 509 1023
3814188 509 1023
3815096 509 1023
3816004 509 1023
3816916 509 1023
3817820 510 1023
3818732 509 1023
3819644 510 1023
3820556 509 1023
3821464 510 1023
3822364 509 1023
3823276 510 1023
3824188 510 1023
3825100 509 1023
3826012 510 1023
3826924 510 1023
3827836 509 1023
3828748 508 1023
3829656 510 1023
3830560 509 1023
3831468 509 1023
3832380 509 1023
3833292 509 1023
3834204 510 1023
3835116 510 1023
3836028 509 1023
3836940 510 1023
3837848 509 1023
3838752 509 1023
3839660 509 1023
3840576 509 1023
3841484 509 1023
3842388 509 1023
3843292 510 1023
3844204 509 1023
3845100 509 1023
3846004 510 1023
3846908 510 1023
3847820 509 1023
3848732 509 1023
3849644 509 1023
3850556 510 1023
3851460 509 1023
3852372 509 1023
3853268 509 1023
3854172 510 1023
3855076 509 1023
3855988 509 1023
3856900 509 1023
3857812 509 1023
3858716 509 1023
3859628 510 1023
3860540 509 1023
3861444 509 1023
3862348 509 1023
3863252 509 1023
3864164 510 1023
3865076 509 1023
3865988 509 1023
3866900 509 1023
3867804 510 1023
3868716 508 1023
3869620 509 1023
3870524 509 1023
3871428 509 1023
3872340 510 1023
3873252 509 1023
3874164 509 1023
3875076 509 1023
3875988 510 1023
3876900 510 1023
3877804 509 1023
3878708 509 1023
3879612 509 1023
3880524 510 1023
3881436 509 1023
3882348 509 1023
3883260 510 1023
3884172 509 1023
3885084 509 1023
3885988 508 1023
3886896 510 1023
3887796 509 1023
3888708 509 1023
3889620 510 1023
3890532 511 1023
3891444 509 1023
3892356 510 1023
3893260 509 1023
3894164 510 1023
3895068 509 1023
3895980 509 1023
3896892 510 1023
3897804 509 1023
3898716 509 1023
3899620 510 1023
3900532 509 1023
3901436 510 1023
3902352 509 1023
3903256 509 1023
3904164 510 1023
3905076 509 1023
3905980 509 1023
3906892 510 1023
3907804 510 1023
3908716 509 1023
3909624 509 1023
3910524 509 1023
3911428 509 1023
3912340 509 1023
3913252 510 1023
3914164 509 1023
3915076 509 1023
3915988 510 1023
3916900 510 1023
3917804 509 1023
3918708 508 1023
3919616 509 1023
3920524 509 1023
3921436 509 1023
3922348 509 1023
3923260 509 1023
3924172 509 1023
3925076 509 1023
3925980 509 1023
3926888 510 1023
3927788 509 1023
3928700 509 1023
3929612 509 1023
3930524 510 1023
3931436 509 1023
3932348 509 1023
3933260 510 1023
3934156 510 1023
3935060 509 1023
3935964 508 1023
3936876 509 1023
3937788 509 1023
3938692 509 1023
3939596 509 1023
3940508 510 1023
3941420 510 1023
3942328 509 1023
3943232 509 1023
3944132 510 1023
3945044 509 1023
3945956 509 1023
3946860 509 1023
3947772 509 1023
3948684 509 1023
3949596 509 1023
3950500 509 1023
3951404 509 1023
3952308 509 1023
3953220 509 1023
3954132 510 1023
3955044 509 1023
3955956 509 1023
3956868 510 1023
3957780 510 1023
3958684 509 1023
3959588 509 1023
3960496 509 1023
3961404 508 1023
3962316 509 1023
3963228 509 1023
3964140 509 1023
3965052 510 1023
3965964 512 1023
3966872 509 1023
3967776 510 1023
3968684 509 1023
3969596 509 1023
3970500 510 1023
3971412 509 1023
3972324 509 1023
3973236 509 1023
3974140 510 1023
3975052 509 1023
3975956 509 1023
3976868 509 1023
3977780 509 1023
3978692 510 1023
3979604 510 1023
3980516 509 1023
3981428 509 1023
3982332 509 1023
3983248 509 1023
3984152 509 1023
3985060 509 1023
3985972 509 1023
3986884 510 1023
3987796 509 1023
3988708 509 1023
3989620 509 1023
3990524 509 1023
3991436 509 1023
3992344 509 1023
3993252 509 1023
3994164 510 1023
3995076 510 1023
3995988 509 1023
3996900 510 1023
3997812 510 1023
3998716 509 1023
3999632 509 1023
4000536 509 1023
END
