3.00
85673032.00 510.00 1023.00
85674800.00 511.00 1023.00
85676560.00 505.00 1023.00
85678320.00 511.00 1023.00
85680080.00 508.00 
85673032.00 510.00 1023.00
85674800.00 511.00 1023.00
85676560.00 505.00 1023.00
85678320.00 511.00 1023.00
85680080.00 508.00 1023.0
Start

time_(μs) raw_current raw_low_voltage
316.00 511.00 916.00
1924.00 508.00 914.00
3480.00 511.00 929.00
5040.00 507.00 944.00
6604.00 508.00 953.00
8160.00 511.00 941.00
9720.00 510.00 941.00
11288.00 510.00 944.00
12892.00 514.00 952.00
14500.00 510.00 960.00
16100.00 511.00 969.00
17708.00 510.00 971.00
19308.00 512.00 976.00
20908.00 509.00 981.00
22508.00 508.00 987.00
24108.00 513.00 992.00
25716.00 509.00 997.00
27316.00 507.00 1001.00
28968.00 507.00 1007.00
30608.00 509.00 1014.00
32248.00 510.00 1019.00
33904.00 510.00 1023.00
35548.00 507.00 1023.00
37200.00 510.00 1023.00
38840.00 510.00 1023.00
40488.00 508.00 1023.00
42144.00 510.00 1023.00
43788.00 509.00 1023.00
45440.00 507.00 1023.00
47080.00 513.00 1023.00
48732.00 511.00 1023.00
50384.00 509.00 1023.00
52028.00 513.00 1023.00
53672.00 509.00 1023.00
55328.00 511.00 1023.00
56972.00 509.00 1023.00
58624.00 509.00 1023.00
60268.00 510.00 1023.00
61916.00 514.00 1023.00
63568.00 510.00 1023.00
65220.00 510.00 1023.00
66872.00 511.00 1023.00
68524.00 510.00 1023.00
70172.00 508.00 1023.00
71828.00 513.00 1023.00
73476.00 512.00 1023.00
75132.00 504.00 1023.00
76780.00 509.00 1023.00
78428.00 508.00 1023.00
80084.00 512.00 1019.00
81732.00 512.00 1014.00
83380.00 507.00 1012.00
85032.00 508.00 1009.00
86684.00 506.00 1010.00
88336.00 513.00 1011.00
89988.00 509.00 1013.00
91636.00 510.00 1015.00
93292.00 510.00 1019.00
94940.00 509.00 1022.00
96596.00 509.00 1023.00
98244.00 511.00 1023.00
99892.00 511.00 1023.00
101548.00 507.00 1023.00
103240.00 506.00 1023.00
104936.00 510.00 1023.00
106636.00 510.00 1023.00
108328.00 507.00 1023.00
110024.00 509.00 1023.00
111724.00 509.00 1023.00
113416.00 518.00 1022.00
115116.00 510.00 1023.00
116816.00 512.00 1023.00
118512.00 509.00 1023.00
120212.00 511.00 1023.00
121912.00 513.00 1023.00
123600.00 514.00 1023.00
125300.00 509.00 1023.00
126996.00 512.00 1023.00
128688.00 508.00 1023.00
130388.00 511.00 1023.00
132080.00 509.00 1023.00
133752.00 511.00 1023.00
135432.00 513.00 1023.00
137108.00 510.00 1023.00
138780.00 508.00 1023.00
140456.00 513.00 1023.00
142132.00 508.00 1023.00
143804.00 511.00 1023.00
145480.00 510.00 1023.00
147156.00 513.00 1023.00
148832.00 509.00 1023.00
150504.00 506.00 1023.00
152180.00 509.00 1023.00
153856.00 508.00 1023.00
155528.00 506.00 1023.00
157200.00 509.00 1023.00
158880.00 515.00 1023.00
160552.00 508.00 1023.00
162224.00 506.00 1023.00
163904.00 507.00 1023.00
165576.00 508.00 1023.00
167256.00 509.00 1023.00
168928.00 512.00 1023.00
170600.00 512.00 1023.00
172280.00 510.00 1023.00
173952.00 508.00 1023.00
175628.00 513.00 1023.00
177304.00 510.00 1023.00
178976.00 510.00 1023.00
180652.00 509.00 1023.00
182328.00 511.00 1023.00
184004.00 509.00 1023.00
185680.00 509.00 1023.00
187352.00 508.00 1023.00
189028.00 508.00 1023.00
190704.00 514.00 1023.00
192380.00 510.00 1023.00
194048.00 509.00 1023.00
195728.00 513.00 1023.00
197404.00 511.00 1023.00
199080.00 509.00 1023.00
200760.00 510.00 1023.00
202436.00 511.00 1023.00
204112.00 509.00 1023.00
205788.00 510.00 1023.00
207456.00 509.00 1023.00
209136.00 508.00 1023.00
210808.00 506.00 1023.00
212480.00 508.00 1023.00
214160.00 512.00 1023.00
215836.00 509.00 1023.00
217512.00 512.00 1023.00
219192.00 507.00 1023.00
220868.00 510.00 1023.00
222544.00 510.00 1023.00
224220.00 506.00 1023.00
225888.00 513.00 1023.00
227568.00 510.00 1023.00
229244.00 509.00 1023.00
230912.00 508.00 1023.00
232592.00 511.00 1023.00
234268.00 512.00 1023.00
235944.00 513.00 1023.00
237624.00 512.00 1023.00
239300.00 507.00 1023.00
240976.00 510.00 1023.00
242648.00 511.00 1023.00
244324.00 509.00 1023.00
246000.00 512.00 1023.00
247672.00 513.00 1023.00
249348.00 508.00 1023.00
251024.00 511.00 1022.00
252700.00 510.00 1023.00
254376.00 509.00 1023.00
256056.00 508.00 1023.00
257728.00 510.00 1023.00
259408.00 507.00 1023.00
261080.00 512.00 1023.00
262756.00 513.00 1023.00
264432.00 510.00 1023.00
266104.00 508.00 1023.00
267780.00 506.00 1023.00
269456.00 510.00 1023.00
271128.00 512.00 1023.00
272808.00 510.00 1023.00
274488.00 507.00 1022.00
276160.00 510.00 1023.00
277840.00 510.00 1023.00
279512.00 506.00 1022.00
281188.00 510.00 1023.00
282864.00 510.00 1023.00
284540.00 509.00 1023.00
286212.00 511.00 1023.00
287888.00 510.00 1023.00
289564.00 509.00 1023.00
291240.00 509.00 1023.00
292920.00 509.00 1023.00
294592.00 515.00 1023.00
296272.00 513.00 1023.00
297948.00 506.00 1023.00
299620.00 508.00 1023.00
301296.00 509.00 1023.00
302972.00 511.00 1023.00
304644.00 508.00 1023.00
306320.00 505.00 1023.00
307996.00 509.00 1023.00
309672.00 508.00 1023.00
311352.00 507.00 1023.00
313028.00 510.00 1023.00
314704.00 507.00 1023.00
316380.00 510.00 1023.00
318052.00 511.00 1023.00
319728.00 513.00 1023.00
321404.00 508.00 1023.00
323072.00 505.00 1023.00
324752.00 510.00 1023.00
326428.00 511.00 1023.00
328104.00 510.00 1023.00
329784.00 509.00 1023.00
331448.00 509.00 1023.00
333128.00 511.00 1023.00
334800.00 509.00 1023.00
336472.00 512.00 1023.00
338152.00 511.00 1023.00
339824.00 508.00 1023.00
341500.00 514.00 1023.00
343176.00 509.00 1023.00
344852.00 510.00 1023.00
346528.00 512.00 1023.00
348208.00 508.00 1023.00
349880.00 511.00 1023.00
351560.00 507.00 1023.00
353236.00 510.00 1023.00
354908.00 511.00 1023.00
356584.00 513.00 1023.00
358260.00 509.00 1023.00
359932.00 511.00 1023.00
361608.00 512.00 1023.00
363280.00 511.00 1023.00
364960.00 510.00 1023.00
366640.00 511.00 1023.00
368316.00 512.00 1023.00
369992.00 511.00 1023.00
371668.00 507.00 1023.00
373336.00 510.00 1023.00
375016.00 511.00 1023.00
376692.00 510.00 1023.00
378364.00 510.00 1023.00
380040.00 508.00 1023.00
381716.00 511.00 1023.00
383392.00 509.00 1023.00
385072.00 513.00 1023.00
386748.00 511.00 1023.00
388424.00 514.00 1022.00
390100.00 510.00 1023.00
391772.00 512.00 1023.00
393448.00 514.00 1023.00
395124.00 508.00 1023.00
396796.00 508.00 1023.00
398476.00 507.00 1023.00
400148.00 507.00 1023.00
401824.00 509.00 1023.00
403504.00 514.00 1023.00
405180.00 507.00 1023.00
406856.00 510.00 1023.00
408532.00 509.00 1023.00
410204.00 508.00 1023.00
411880.00 510.00 1023.00
413544.00 511.00 1023.00
415216.00 512.00 1023.00
416896.00 514.00 1023.00
418568.00 510.00 1023.00
420248.00 508.00 1023.00
421928.00 509.00 1023.00
423600.00 511.00 1023.00
425280.00 511.00 1023.00
426952.00 510.00 1023.00
428628.00 506.00 1023.00
430304.00 509.00 1023.00
431980.00 508.00 1023.00
433652.00 509.00 1023.00
435328.00 512.00 1023.00
437000.00 507.00 1023.00
438680.00 508.00 1023.00
440360.00 509.00 1023.00
442032.00 510.00 1023.00
443712.00 511.00 1023.00
445388.00 508.00 1023.00
447060.00 511.00 1023.00
448736.00 510.00 1023.00
450408.00 508.00 1023.00
452084.00 507.00 1023.00
453760.00 508.00 1023.00
455432.00 512.00 1023.00
457112.00 510.00 1023.00
458792.00 507.00 1023.00
460468.00 509.00 1023.00
462144.00 510.00 1023.00
463820.00 507.00 1023.00
465492.00 512.00 1023.00
467168.00 508.00 1023.00
468844.00 511.00 1023.00
470516.00 512.00 1023.00
472192.00 508.00 1023.00
473868.00 508.00 1023.00
475544.00 509.00 1023.00
477224.00 508.00 1023.00
478900.00 507.00 1023.00
480576.00 511.00 1023.00
482252.00 511.00 1023.00
483924.00 508.00 1022.00
485600.00 508.00 1023.00
487276.00 507.00 1023.00
488948.00 508.00 1022.00
490624.00 506.00 1023.00
492300.00 513.00 1023.00
493976.00 508.00 1023.00
495656.00 508.00 1023.00
497332.00 510.00 1023.00
499008.00 509.00 1023.00
500684.00 514.00 1023.00
502356.00 511.00 1023.00
504032.00 510.00 1023.00
505708.00 508.00 1023.00
507380.00 509.00 1023.00
509056.00 510.00 1023.00
510732.00 509.00 1023.00
512408.00 511.00 1023.00
514088.00 511.00 1023.00
515752.00 511.00 1023.00
517432.00 512.00 1023.00
519108.00 506.00 1023.00
520780.00 509.00 1023.00
522456.00 508.00 1023.00
524128.00 508.00 1023.00
525804.00 507.00 1023.00
527480.00 510.00 1023.00
529156.00 512.00 1023.00
530832.00 511.00 1023.00
532512.00 511.00 1023.00
534184.00 509.00 1023.00
535864.00 507.00 1023.00
537540.00 510.00 1020.00
539212.00 511.00 1023.00
540888.00 506.00 1022.00
542560.00 506.00 1023.00
544236.00 511.00 1023.00
545912.00 508.00 1023.00
547588.00 507.00 1023.00
549264.00 510.00 1023.00
550944.00 512.00 1023.00
552620.00 510.00 1023.00
554296.00 510.00 1023.00
555972.00 506.00 1023.00
557644.00 508.00 1023.00
559320.00 507.00 1023.00
560996.00 510.00 1023.00
562668.00 512.00 1023.00
564344.00 513.00 1023.00
566020.00 506.00 1023.00
567696.00 510.00 1023.00
569376.00 511.00 1023.00
571052.00 508.00 1023.00
572728.00 513.00 1023.00
574404.00 514.00 1023.00
576072.00 512.00 1023.00
577752.00 509.00 1023.00
579420.00 507.00 1023.00
581088.00 511.00 1023.00
582768.00 510.00 1023.00
584444.00 508.00 1023.00
586120.00 509.00 1023.00
587800.00 510.00 1023.00
589476.00 507.00 1022.00
591152.00 512.00 1023.00
592828.00 509.00 1023.00
594500.00 511.00 1023.00
596176.00 505.00 1023.00
597852.00 510.00 1023.00
599524.00 513.00 1023.00
601200.00 508.00 1023.00
602876.00 508.00 1023.00
604552.00 510.00 1023.00
606232.00 512.00 1023.00
607908.00 509.00 1022.00
609584.00 508.00 1023.00
611260.00 508.00 1023.00
612932.00 503.00 1023.00
614608.00 506.00 1023.00
616280.00 509.00 1023.00
617952.00 506.00 1023.00
619632.00 510.00 1023.00
621308.00 512.00 1023.00
622984.00 511.00 1023.00
624664.00 510.00 1023.00
626336.00 509.00 1023.00
628016.00 509.00 1023.00
629692.00 510.00 1023.00
631364.00 507.00 1023.00
633040.00 508.00 1023.00
634716.00 515.00 1023.00
636388.00 510.00 1023.00
638064.00 508.00 1023.00
639740.00 508.00 1023.00
641420.00 508.00 1023.00
643096.00 509.00 1023.00
644772.00 509.00 1023.00
646448.00 510.00 1023.00
648120.00 512.00 1023.00
649792.00 510.00 1023.00
651472.00 508.00 1023.00
653148.00 508.00 1023.00
654820.00 508.00 1023.00
656496.00 511.00 1023.00
658168.00 507.00 1023.00
659848.00 511.00 1023.00
661520.00 512.00 1023.00
663196.00 509.00 1023.00
664872.00 507.00 1023.00
666548.00 509.00 1023.00
668216.00 509.00 1023.00
669896.00 510.00 1023.00
671560.00 514.00 1023.00
673236.00 509.00 1023.00
674912.00 510.00 1023.00
676588.00 514.00 1022.00
678264.00 513.00 1023.00
679944.00 509.00 1023.00
681620.00 507.00 1023.00
683296.00 512.00 1023.00
684964.00 508.00 1023.00
686632.00 510.00 1023.00
688312.00 506.00 1023.00
689988.00 508.00 1023.00
691660.00 506.00 1023.00
693336.00 506.00 1023.00
695012.00 510.00 1023.00
696688.00 515.00 1023.00
698360.00 506.00 1023.00
700040.00 510.00 1023.00
701720.00 509.00 1023.00
703396.00 512.00 1023.00
705068.00 513.00 1023.00
706744.00 505.00 1023.00
708416.00 511.00 1023.00
710092.00 511.00 1023.00
711768.00 510.00 1023.00
713444.00 508.00 1023.00
715120.00 513.00 1023.00
716796.00 510.00 1023.00
718476.00 510.00 1023.00
720152.00 510.00 1023.00
721824.00 512.00 1023.00
723500.00 513.00 1023.00
725176.00 511.00 1023.00
726852.00 508.00 1023.00
728524.00 508.00 1023.00
730200.00 509.00 1023.00
731876.00 509.00 1022.00
733552.00 510.00 1023.00
735228.00 508.00 1023.00
736908.00 510.00 1023.00
738584.00 507.00 1023.00
740256.00 508.00 1023.00
741932.00 511.00 1023.00
743608.00 510.00 1023.00
745284.00 512.00 1023.00
746956.00 510.00 1023.00
748632.00 512.00 1023.00
750308.00 512.00 1023.00
751984.00 508.00 1023.00
753660.00 506.00 1023.00
755340.00 509.00 1023.00
757016.00 508.00 1023.00
758692.00 513.00 1023.00
760364.00 505.00 1023.00
762040.00 508.00 1023.00
763716.00 511.00 1023.00
765388.00 512.00 1023.00
767064.00 508.00 1022.00
768740.00 510.00 1023.00
770416.00 511.00 1023.00
772092.00 510.00 1023.00
773772.00 510.00 1023.00
775448.00 505.00 1023.00
777124.00 513.00 1023.00
778796.00 509.00 1023.00
780472.00 508.00 1023.00
782148.00 511.00 1023.00
783820.00 509.00 1023.00
785496.00 505.00 1023.00
787172.00 510.00 1023.00
788852.00 508.00 1023.00
790524.00 512.00 1023.00
792204.00 508.00 1023.00
793880.00 518.00 1023.00
795556.00 509.00 1022.00
797228.00 511.00 1023.00
798904.00 508.00 1023.00
800580.00 507.00 1023.00
802248.00 511.00 1023.00
803928.00 509.00 1023.00
805604.00 511.00 1023.00
807280.00 506.00 1023.00
808956.00 513.00 1023.00
810636.00 511.00 1023.00
812312.00 509.00 1023.00
813988.00 512.00 1023.00
815660.00 510.00 1023.00
817336.00 509.00 1022.00
819012.00 510.00 1023.00
820684.00 506.00 1023.00
822360.00 512.00 1023.00
824024.00 508.00 1023.00
825704.00 507.00 1023.00
827368.00 511.00 1023.00
829040.00 511.00 1023.00
830720.00 512.00 1023.00
832392.00 511.00 1023.00
834064.00 506.00 1023.00
835744.00 508.00 1023.00
837416.00 509.00 1023.00
839092.00 510.00 1023.00
840768.00 511.00 1023.00
842440.00 511.00 1023.00
844120.00 507.00 1023.00
845796.00 509.00 1023.00
847464.00 508.00 1023.00
849144.00 507.00 1023.00
850820.00 510.00 1023.00
852492.00 507.00 1023.00
854168.00 509.00 1023.00
855844.00 508.00 1023.00
857516.00 508.00 1023.00
859192.00 506.00 1023.00
860868.00 509.00 1023.00
862544.00 509.00 1023.00
864212.00 506.00 1023.00
865880.00 508.00 1023.00
867560.00 513.00 1023.00
869236.00 509.00 1023.00
870908.00 509.00 1023.00
872584.00 512.00 1023.00
874260.00 509.00 1023.00
875936.00 509.00 1023.00
877616.00 508.00 1023.00
879292.00 515.00 1023.00
880968.00 509.00 1023.00
882640.00 509.00 1023.00
884312.00 511.00 1023.00
885992.00 509.00 1023.00
887668.00 510.00 1023.00
889340.00 515.00 1023.00
891016.00 510.00 1023.00
892692.00 507.00 1023.00
894368.00 508.00 1023.00
896048.00 510.00 1023.00
897720.00 507.00 1023.00
899400.00 510.00 1023.00
901076.00 508.00 1023.00
902748.00 511.00 1023.00
904424.00 509.00 1023.00
906096.00 508.00 1023.00
907772.00 508.00 1023.00
909448.00 511.00 1023.00
911124.00 511.00 1023.00
912800.00 511.00 1023.00
914480.00 508.00 1023.00
916156.00 508.00 1023.00
917832.00 507.00 1023.00
919508.00 511.00 1022.00
921180.00 508.00 1023.00
922856.00 508.00 1023.00
924532.00 510.00 1023.00
926204.00 509.00 1023.00
927880.00 509.00 1023.00
929556.00 507.00 1023.00
931232.00 513.00 1023.00
932912.00 505.00 1023.00
934588.00 508.00 1023.00
936264.00 512.00 1023.00
937940.00 509.00 1023.00
939612.00 509.00 1023.00
941288.00 509.00 1023.00
942964.00 508.00 1023.00
944636.00 512.00 1023.00
946312.00 507.00 1023.00
947988.00 510.00 1023.00
949664.00 509.00 1023.00
951344.00 511.00 1023.00
953020.00 508.00 1023.00
954696.00 512.00 1023.00
956372.00 513.00 1023.00
958044.00 508.00 1023.00
959720.00 510.00 1023.00
961396.00 509.00 1023.00
963068.00 509.00 1023.00
964744.00 512.00 1023.00
966420.00 510.00 1023.00
968096.00 510.00 1023.00
969776.00 508.00 1023.00
971452.00 507.00 1023.00
973128.00 516.00 1023.00
974804.00 511.00 1023.00
976476.00 508.00 1023.00
978152.00 509.00 1023.00
979828.00 511.00 1023.00
981500.00 506.00 1023.00
983176.00 508.00 1023.00
984852.00 513.00 1023.00
986528.00 508.00 1023.00
988208.00 513.00 1023.00
989884.00 510.00 1023.00
991560.00 508.00 1023.00
993236.00 509.00 1023.00
994908.00 508.00 1023.00
996584.00 507.00 1023.00
998260.00 513.00 1023.00
999932.00 509.00 1023.00
1001608.00 511.00 1023.00
1003324.00 516.00 104.00
1004988.00 531.00 478.00
1006664.00 530.00 451.00
1008340.00 530.00 428.00
1010016.00 526.00 432.00
1011692.00 525.00 378.00
1013364.00 530.00 342.00
1015040.00 529.00 329.00
1016716.00 533.00 333.00
1018388.00 530.00 291.00
1020064.00 532.00 258.00
1021740.00 531.00 225.00
1023408.00 525.00 227.00
1025076.00 530.00 220.00
1026740.00 526.00 200.00
1028408.00 528.00 199.00
1030076.00 531.00 208.00
1031740.00 531.00 186.00
1033412.00 524.00 188.00
1035076.00 527.00 186.00
1036740.00 530.00 173.00
1038412.00 530.00 208.00
1040076.00 527.00 151.00
1041748.00 526.00 186.00
1043412.00 530.00 183.00
1045076.00 526.00 154.00
1046748.00 527.00 179.00
1048412.00 525.00 168.00
1050076.00 524.00 134.00
1051748.00 525.00 157.00
1053412.00 527.00 180.00
1055084.00 524.00 134.00
1056748.00 523.00 144.00
1058412.00 527.00 207.00
1060084.00 522.00 2.00
1061660.00 523.00 113.00
1063332.00 524.00 131.00
1065004.00 523.00 128.00
1066668.00 531.00 155.00
1068340.00 527.00 128.00
1070004.00 527.00 117.00
1071668.00 525.00 107.00
1073340.00 521.00 123.00
1075004.00 524.00 123.00
1076668.00 530.00 132.00
1078340.00 524.00 140.00
1080004.00 523.00 122.00
1081676.00 523.00 119.00
1083340.00 523.00 104.00
1085004.00 519.00 103.00
1086676.00 518.00 105.00
1088340.00 523.00 109.00
1090004.00 522.00 114.00
1091676.00 525.00 127.00
1093340.00 521.00 110.00
1095012.00 525.00 128.00
1096676.00 533.00 96.00
1098296.00 522.00 120.00
1099972.00 520.00 137.00
1101636.00 522.00 112.00
1103300.00 526.00 136.00
1104972.00 517.00 107.00
1106636.00 521.00 117.00
1108308.00 520.00 76.00
1109932.00 523.00 120.00
1111596.00 517.00 0.00
1113168.00 523.00 114.00
1114832.00 519.00 103.00
1116500.00 522.00 105.00
1118164.00 521.00 107.00
1119828.00 518.00 111.00
1121500.00 522.00 111.00
1123164.00 520.00 114.00
1124832.00 519.00 72.00
1126456.00 523.00 108.00
1128124.00 518.00 8.00
1129708.00 519.00 92.00
1131328.00 519.00 103.00
1132996.00 518.00 116.00
1134668.00 521.00 0.00
1136232.00 520.00 104.00
1137900.00 520.00 126.00
1139564.00 524.00 106.00
1141228.00 522.00 56.00
1142856.00 522.00 124.00
1144524.00 522.00 96.00
1146152.00 525.00 118.00
1147824.00 517.00 90.00
1149444.00 525.00 124.00
1151116.00 521.00 105.00
1152784.00 522.00 132.00
1154452.00 522.00 118.00
1156124.00 524.00 88.00
1157744.00 524.00 104.00
1159420.00 524.00 96.00
1161044.00 521.00 108.00
1162708.00 521.00 101.00
1164380.00 523.00 107.00
1166044.00 523.00 103.00
1167716.00 523.00 102.00
1169380.00 523.00 93.00
1171000.00 520.00 93.00
1172632.00 519.00 93.00
1174260.00 522.00 91.00
1175888.00 521.00 91.00
1177516.00 520.00 87.00
1179140.00 519.00 89.00
1180768.00 520.00 84.00
1182396.00 522.00 81.00
1184024.00 520.00 84.00
1185648.00 514.00 52.00
1187272.00 518.00 64.00
1188904.00 518.00 78.00
1190532.00 518.00 94.00
1192160.00 521.00 86.00
1193784.00 520.00 89.00
1195412.00 517.00 80.00
1197036.00 520.00 96.00
1198660.00 515.00 112.00
1200332.00 523.00 118.00
1201996.00 514.00 67.00
1203620.00 523.00 120.00
1205292.00 519.00 93.00
1206916.00 528.00 92.00
1208544.00 526.00 102.00
1210212.00 521.00 95.00
1211836.00 524.00 99.00
1213464.00 523.00 96.00
1215092.00 523.00 91.00
1216720.00 519.00 93.00
1218348.00 520.00 88.00
1219972.00 520.00 88.00
1221596.00 521.00 80.00
1223220.00 519.00 75.00
1224848.00 518.00 74.00
1226476.00 518.00 75.00
1228104.00 523.00 88.00
1229732.00 520.00 85.00
1231352.00 522.00 100.00
1233028.00 521.00 66.00
1234648.00 526.00 116.00
1236324.00 521.00 102.00
1237988.00 523.00 91.00
1239612.00 518.00 101.00
1241284.00 520.00 90.00
1242904.00 519.00 88.00
1244536.00 523.00 87.00
1246156.00 520.00 79.00
1247780.00 517.00 76.00
1249408.00 518.00 73.00
1251032.00 522.00 62.00
1252664.00 512.00 58.00
1254292.00 523.00 0.00
1255856.00 525.00 110.00
1257532.00 518.00 76.00
1259156.00 521.00 127.00
1260828.00 518.00 91.00
1262448.00 521.00 90.00
1264076.00 524.00 89.00
1265704.00 519.00 80.00
1267332.00 518.00 85.00
1268960.00 517.00 78.00
1270588.00 522.00 82.00
1272208.00 519.00 76.00
1273836.00 524.00 88.00
1275460.00 522.00 97.00
1277088.00 520.00 100.00
1278760.00 520.00 82.00
1280380.00 522.00 86.00
1282000.00 521.00 101.00
1283668.00 522.00 95.00
1285296.00 521.00 88.00
1286912.00 518.00 80.00
1288544.00 515.00 75.00
1290160.00 516.00 57.00
1291784.00 519.00 85.00
1293416.00 519.00 80.00
1295032.00 525.00 94.00
1296664.00 512.00 54.00
1298288.00 525.00 121.00
1299956.00 522.00 108.00
1301628.00 522.00 88.00
1303248.00 517.00 82.00
1304880.00 521.00 79.00
1306508.00 517.00 43.00
1308128.00 517.00 52.00
1309760.00 521.00 87.00
1311388.00 524.00 92.00
1313016.00 522.00 100.00
1314676.00 518.00 78.00
1316296.00 523.00 85.00
1317928.00 522.00 97.00
1319544.00 520.00 88.00
1321176.00 519.00 86.00
1322792.00 520.00 76.00
1324420.00 519.00 46.00
1326040.00 516.00 68.00
1327668.00 519.00 87.00
1329296.00 518.00 78.00
1330920.00 522.00 109.00
1332596.00 521.00 98.00
1334216.00 518.00 89.00
1335840.00 519.00 86.00
1337472.00 524.00 81.00
1339088.00 519.00 75.00
1340720.00 521.00 53.00
1342344.00 525.00 82.00
1343968.00 521.00 18.00
1345600.00 524.00 115.00
1347268.00 519.00 101.00
1348940.00 522.00 91.00
1350560.00 523.00 83.00
1352184.00 518.00 78.00
1353816.00 518.00 77.00
1355432.00 516.00 78.00
1357064.00 519.00 92.00
1358688.00 517.00 82.00
1360312.00 521.00 125.00
1361988.00 519.00 95.00
1363608.00 520.00 87.00
1365240.00 520.00 74.00
1366856.00 514.00 62.00
1368480.00 508.00 24.00
1370104.00 516.00 68.00
1371728.00 519.00 100.00
1373404.00 521.00 81.00
1375024.00 524.00 85.00
1376652.00 520.00 83.00
1378272.00 515.00 79.00
1379900.00 520.00 78.00
1381528.00 521.00 70.00
1383156.00 521.00 75.00
1384784.00 517.00 83.00
1386412.00 521.00 98.00
1388032.00 521.00 97.00
1389664.00 522.00 85.00
1391292.00 519.00 94.00
1392920.00 519.00 81.00
1394544.00 523.00 69.00
1396172.00 523.00 68.00
1397800.00 517.00 82.00
1399416.00 523.00 90.00
1401048.00 524.00 98.00
1402672.00 524.00 92.00
1404300.00 522.00 86.00
1405924.00 519.00 81.00
1407548.00 524.00 76.00
1409176.00 516.00 73.00
1410800.00 521.00 78.00
1412432.00 517.00 76.00
1414052.00 519.00 42.00
1415672.00 520.00 114.00
1417348.00 521.00 103.00
1419012.00 521.00 89.00
1420640.00 519.00 79.00
1422268.00 520.00 67.00
1423892.00 521.00 68.00
1425520.00 520.00 76.00
1427148.00 523.00 91.00
1428776.00 518.00 83.00
1430404.00 518.00 125.00
1432068.00 517.00 86.00
1433696.00 523.00 86.00
1435320.00 520.00 70.00
1436952.00 518.00 65.00
1438580.00 521.00 76.00
1440204.00 520.00 87.00
1441832.00 520.00 108.00
1443492.00 521.00 103.00
1445164.00 522.00 90.00
1446784.00 524.00 88.00
1448408.00 521.00 79.00
1450040.00 520.00 68.00
1451660.00 519.00 68.00
1453288.00 517.00 80.00
1454912.00 519.00 56.00
1456540.00 519.00 112.00
1458212.00 518.00 90.00
1459836.00 520.00 92.00
1461464.00 524.00 83.00
1463088.00 519.00 75.00
1464716.00 516.00 76.00
1466340.00 517.00 80.00
1467964.00 525.00 96.00
1469592.00 517.00 90.00
1471220.00 524.00 127.00
1472892.00 521.00 94.00
1474516.00 521.00 88.00
1476140.00 518.00 76.00
1477768.00 520.00 73.00
1479392.00 517.00 73.00
1481024.00 516.00 76.00
1482652.00 520.00 98.00
1484272.00 515.00 56.00
1485904.00 525.00 127.00
1487572.00 523.00 94.00
1489200.00 520.00 85.00
1490824.00 518.00 86.00
1492452.00 515.00 79.00
1494080.00 519.00 79.00
1495708.00 519.00 78.00
1497336.00 519.00 88.00
1498964.00 518.00 80.00
1500584.00 520.00 113.00
1502260.00 520.00 100.00
1503924.00 521.00 92.00
1505552.00 522.00 92.00
1507180.00 520.00 85.00
1508804.00 522.00 88.00
1510432.00 519.00 75.00
1512060.00 521.00 81.00
1513688.00 523.00 84.00
1515316.00 520.00 94.00
1516940.00 514.00 69.00
1518564.00 523.00 117.00
1520228.00 522.00 104.00
1521900.00 524.00 94.00
1523524.00 522.00 89.00
1525144.00 524.00 83.00
1526772.00 520.00 84.00
1528396.00 520.00 79.00
1530024.00 519.00 80.00
1531652.00 520.00 83.00
1533280.00 520.00 96.00
1534908.00 512.00 52.00
1536532.00 523.00 114.00
1538204.00 520.00 97.00
1539824.00 521.00 93.00
1541456.00 521.00 98.00
1543080.00 520.00 91.00
1544708.00 520.00 94.00
1546336.00 517.00 81.00
1547960.00 516.00 82.00
1549592.00 520.00 79.00
1551220.00 517.00 82.00
1552844.00 521.00 85.00
1554472.00 518.00 85.00
1556092.00 521.00 76.00
1557720.00 519.00 127.00
1559388.00 519.00 102.00
1561052.00 521.00 90.00
1562680.00 522.00 92.00
1564308.00 519.00 83.00
1565936.00 518.00 74.00
1567564.00 521.00 74.00
1569188.00 522.00 82.00
1570812.00 521.00 79.00
1572444.00 517.00 88.00
1574072.00 516.00 64.00
1575700.00 521.00 133.00
1577372.00 521.00 89.00
1578996.00 518.00 92.00
1580620.00 522.00 91.00
1582248.00 518.00 79.00
1583876.00 521.00 77.00
1585504.00 518.00 72.00
1587132.00 521.00 88.00
1588756.00 540.00 80.00
1590384.00 520.00 119.00
1592056.00 523.00 95.00
1593680.00 520.00 88.00
1595308.00 520.00 80.00
1596932.00 522.00 69.00
1598560.00 511.00 28.00
1600188.00 518.00 79.00
1601816.00 521.00 104.00
1603476.00 522.00 84.00
1605096.00 515.00 90.00
1606728.00 518.00 73.00
1608352.00 523.00 70.00
1609984.00 516.00 72.00
1611604.00 518.00 72.00
1613228.00 519.00 94.00
1614856.00 518.00 84.00
1616472.00 523.00 83.00
1618104.00 531.00 73.00
1619728.00 520.00 70.00
1621360.00 517.00 66.00
1622988.00 513.00 37.00
1624612.00 518.00 97.00
1626240.00 519.00 87.00
1627864.00 522.00 84.00
1629496.00 518.00 31.00
1631124.00 510.00 0.00
1632688.00 513.00 17.00
1634320.00 516.00 16.00
1635948.00 523.00 121.00
1637620.00 516.00 77.00
1639244.00 519.00 63.00
1640864.00 518.00 65.00
1642488.00 520.00 72.00
1644112.00 518.00 98.00
1645744.00 521.00 93.00
1647360.00 520.00 83.00
1648992.00 516.00 63.00
1650608.00 519.00 56.00
1652232.00 520.00 74.00
1653864.00 519.00 76.00
1655480.00 524.00 80.00
1657112.00 518.00 70.00
1658732.00 518.00 33.00
1660352.00 518.00 68.00
1661984.00 519.00 26.00
1663600.00 524.00 72.00
1665232.00 517.00 77.00
1666856.00 517.00 66.00
1668480.00 517.00 70.00
1670104.00 518.00 73.00
1671728.00 521.00 75.00
1673360.00 518.00 70.00
1674976.00 518.00 41.00
1676608.00 516.00 68.00
1678228.00 517.00 78.00
1679852.00 518.00 77.00
1681480.00 519.00 61.00
1683104.00 514.00 40.00
1684736.00 516.00 74.00
1686352.00 514.00 64.00
1687980.00 520.00 72.00
1689608.00 513.00 54.00
1691232.00 520.00 61.00
1692856.00 515.00 92.00
1694472.00 522.00 84.00
1696104.00 517.00 63.00
1697720.00 519.00 60.00
1699344.00 519.00 76.00
1700976.00 520.00 114.00
1702644.00 520.00 70.00
1704272.00 517.00 56.00
1705888.00 518.00 66.00
1707516.00 517.00 58.00
1709144.00 517.00 78.00
1710772.00 522.00 50.00
1712400.00 508.00 21.00
1714016.00 516.00 90.00
1715644.00 521.00 79.00
1717272.00 516.00 63.00
1718900.00 518.00 56.00
1720528.00 520.00 42.00
1722152.00 522.00 73.00
1723780.00 519.00 62.00
1725404.00 516.00 55.00
1727028.00 513.00 72.00
1728656.00 518.00 74.00
1730280.00 517.00 67.00
1731912.00 519.00 57.00
1733540.00 516.00 68.00
1735164.00 519.00 107.00
1736836.00 515.00 63.00
1738460.00 546.00 43.00
1740088.00 518.00 72.00
1741716.00 512.00 62.00
1743336.00 518.00 77.00
1744968.00 520.00 59.00
1746592.00 519.00 64.00
1748224.00 522.00 94.00
1749848.00 519.00 79.00
1751476.00 517.00 61.00
1753104.00 506.00 20.00
1754732.00 519.00 64.00
1756360.00 528.00 77.00
1757988.00 521.00 65.00
1759612.00 516.00 48.00
1761236.00 515.00 73.00
1762860.00 516.00 70.00
1764488.00 521.00 73.00
1766112.00 517.00 51.00
1767744.00 509.00 24.00
1769368.00 521.00 87.00
1770992.00 519.00 79.00
1772624.00 516.00 60.00
1774252.00 511.00 62.00
1775880.00 512.00 64.00
1777508.00 520.00 77.00
1779132.00 518.00 59.00
1780760.00 517.00 54.00
1782388.00 521.00 75.00
1784016.00 522.00 82.00
1785640.00 517.00 66.00
1787268.00 521.00 60.00
1788892.00 520.00 8.00
1790472.00 521.00 108.00
1792140.00 516.00 39.00
1793760.00 508.00 16.00
1795392.00 520.00 73.00
1797012.00 516.00 72.00
1798636.00 519.00 76.00
1800264.00 516.00 57.00
1801888.00 517.00 64.00
1803520.00 527.00 98.00
1805144.00 520.00 74.00
1806768.00 519.00 53.00
1808400.00 512.00 13.00
1810016.00 516.00 56.00
1811648.00 519.00 73.00
1813268.00 514.00 49.00
1814896.00 512.00 8.00
1816472.00 517.00 73.00
1818092.00 515.00 72.00
1819720.00 518.00 64.00
1821348.00 515.00 55.00
1822976.00 513.00 40.00
1824600.00 517.00 70.00
1826228.00 516.00 54.00
1827856.00 515.00 56.00
1829480.00 514.00 84.00
1831112.00 521.00 71.00
1832740.00 518.00 48.00
1834364.00 520.00 66.00
1835988.00 519.00 76.00
1837612.00 512.00 63.00
1839240.00 505.00 0.00
1840808.00 513.00 28.00
1842440.00 517.00 74.00
1844068.00 517.00 55.00
1845688.00 514.00 50.00
1847320.00 520.00 83.00
1848936.00 520.00 69.00
1850568.00 514.00 45.00
1852192.00 519.00 68.00
1853820.00 521.00 73.00
1855444.00 515.00 52.00
1857068.00 513.00 60.00
1858696.00 523.00 76.00
1860316.00 516.00 54.00
1861944.00 513.00 40.00
1863572.00 513.00 48.00
1865196.00 522.00 67.00
1866824.00 510.00 9.00
1868408.00 512.00 12.00
1870032.00 515.00 63.00
1871660.00 514.00 53.00
1873284.00 517.00 58.00
1874908.00 518.00 65.00
1876532.00 515.00 51.00
1878160.00 515.00 50.00
1879788.00 521.00 100.00
1881460.00 514.00 55.00
1883084.00 510.00 30.00
1884708.00 521.00 94.00
1886336.00 518.00 53.00
1887964.00 512.00 38.00
1889592.00 516.00 91.00
1891220.00 522.00 55.00
1892840.00 519.00 43.00
1894472.00 521.00 88.00
1896096.00 515.00 59.00
1897728.00 512.00 44.00
1899344.00 519.00 80.00
1900972.00 523.00 54.00
1902600.00 514.00 40.00
1904228.00 517.00 77.00
1905856.00 519.00 47.00
1907484.00 512.00 37.00
1909112.00 516.00 78.00
1910740.00 514.00 47.00
1912364.00 509.00 0.00
1913936.00 515.00 56.00
1915556.00 517.00 67.00
1917184.00 521.00 41.00
1918812.00 517.00 68.00
1920436.00 516.00 67.00
1922064.00 517.00 44.00
1923680.00 516.00 68.00
1925312.00 521.00 71.00
1926936.00 514.00 7.00
1928524.00 512.00 36.00
1930144.00 519.00 71.00
1931772.00 517.00 55.00
1933400.00 517.00 50.00
1935028.00 520.00 56.00
1936656.00 514.00 59.00
1938280.00 515.00 51.00
1939908.00 514.00 51.00
1941536.00 516.00 57.00
1943164.00 511.00 13.00
1944792.00 511.00 38.00
1946420.00 518.00 63.00
1948040.00 520.00 47.00
1949664.00 522.00 42.00
1951288.00 517.00 65.00
1952920.00 515.00 41.00
1954544.00 515.00 58.00
1956176.00 517.00 63.00
1957804.00 513.00 54.00
1959428.00 516.00 44.00
1961056.00 520.00 89.00
1962684.00 515.00 61.00
1964312.00 517.00 52.00
1965940.00 521.00 65.00
1967564.00 516.00 69.00
1969192.00 516.00 48.00
1970820.00 516.00 67.00
1972448.00 517.00 79.00
1974076.00 517.00 54.00
1975700.00 514.00 52.00
1977324.00 515.00 76.00
1978948.00 521.00 64.00
1980576.00 512.00 6.00
1982160.00 518.00 69.00
1983784.00 527.00 71.00
1985412.00 514.00 55.00
1987036.00 513.00 4.00
1988620.00 514.00 76.00
1990244.00 518.00 74.00
1991872.00 518.00 54.00
1993500.00 515.00 64.00
1995128.00 516.00 82.00
1996756.00 517.00 60.00
1998380.00 515.00 56.00
2000008.00 519.00 64.00
2001632.00 514.00 71.00
2003264.00 517.00 48.00
2004888.00 513.00 40.00
2006512.00 519.00 93.00
2008144.00 517.00 71.00
2009772.00 505.00 6.00
2011356.00 515.00 2.00
2012936.00 509.00 38.00
2014560.00 518.00 76.00
2016188.00 520.00 55.00
2017808.00 517.00 60.00
2019440.00 521.00 92.00
2021068.00 521.00 79.00
2022696.00 516.00 57.00
2024324.00 518.00 60.00
2025944.00 517.00 64.00
2027576.00 519.00 73.00
2029204.00 521.00 63.00
2030832.00 518.00 54.00
2032460.00 521.00 90.00
2034084.00 514.00 56.00
2035708.00 518.00 47.00
2037340.00 512.00 58.00
2038968.00 508.00 28.00
2040596.00 521.00 75.00
2042224.00 520.00 61.00
2043852.00 519.00 59.00
2045476.00 520.00 86.00
2047104.00 519.00 89.00
2048732.00 517.00 69.00
2050360.00 517.00 58.00
2051976.00 517.00 69.00
2053600.00 519.00 111.00
2055276.00 520.00 71.00
2056896.00 515.00 55.00
2058528.00 516.00 64.00
2060144.00 518.00 64.00
2061768.00 520.00 74.00
2063400.00 520.00 59.00
2065016.00 517.00 58.00
2066648.00 523.00 90.00
2068264.00 520.00 78.00
2069888.00 518.00 63.00
2071512.00 520.00 64.00
2073140.00 512.00 72.00
2074768.00 516.00 75.00
2076392.00 516.00 65.00
2078024.00 518.00 58.00
2079652.00 516.00 82.00
2081276.00 520.00 88.00
2082904.00 519.00 72.00
2084520.00 516.00 56.00
2086152.00 520.00 32.00
2087768.00 521.00 75.00
2089392.00 521.00 65.00
2091024.00 518.00 55.00
2092640.00 522.00 82.00
2094272.00 518.00 85.00
2095888.00 516.00 63.00
2097520.00 518.00 59.00
2099136.00 519.00 76.00
2100764.00 521.00 74.00
2102392.00 516.00 71.00
2104012.00 517.00 54.00
2105640.00 517.00 68.00
2107256.00 520.00 78.00
2108880.00 518.00 75.00
2110512.00 518.00 57.00
2112132.00 516.00 52.00
2113760.00 517.00 94.00
2115376.00 519.00 75.00
2117000.00 519.00 62.00
2118624.00 518.00 65.00
2120248.00 519.00 80.00
2121880.00 518.00 74.00
2123500.00 516.00 54.00
2125128.00 514.00 55.00
2126752.00 519.00 86.00
2128376.00 516.00 78.00
2130008.00 520.00 62.00
2131632.00 516.00 64.00
2133264.00 519.00 38.00
2134880.00 519.00 74.00
2136508.00 520.00 72.00
2138136.00 520.00 57.00
2139752.00 520.00 80.00
2141384.00 520.00 85.00
2143012.00 517.00 69.00
2144636.00 516.00 60.00
2146260.00 516.00 65.00
2147880.00 524.00 103.00
2149556.00 521.00 73.00
2151180.00 520.00 56.00
2152808.00 512.00 50.00
2154424.00 514.00 69.00
2156048.00 518.00 71.00
2157680.00 515.00 50.00
2159296.00 515.00 28.00
2160928.00 522.00 91.00
2162552.00 518.00 79.00
2164180.00 513.00 57.00
2165808.00 517.00 65.00
2167424.00 514.00 77.00
2169056.00 517.00 68.00
2170684.00 518.00 56.00
2172308.00 516.00 59.00
2173932.00 521.00 95.00
2175556.00 519.00 73.00
2177184.00 518.00 53.00
2178808.00 518.00 75.00
2180440.00 522.00 84.00
2182056.00 518.00 63.00
2183680.00 508.00 20.00
2185312.00 517.00 26.00
2186932.00 517.00 71.00
2188560.00 513.00 55.00
2190188.00 514.00 50.00
2191812.00 521.00 89.00
2193440.00 519.00 68.00
2195068.00 518.00 47.00
2196696.00 517.00 72.00
2198324.00 517.00 72.00
2199948.00 519.00 53.00
2201572.00 515.00 56.00
2203196.00 519.00 79.00
2204824.00 519.00 55.00
2206448.00 515.00 48.00
2208080.00 513.00 52.00
2209696.00 520.00 63.00
2211320.00 516.00 46.00
2212952.00 507.00 0.00
2214520.00 522.00 62.00
2216144.00 517.00 49.00
2217760.00 518.00 48.00
2219384.00 521.00 95.00
2221012.00 513.00 63.00
2222636.00 519.00 46.00
2224264.00 515.00 78.00
2225892.00 517.00 61.00
2227520.00 515.00 41.00
2229144.00 517.00 50.00
2230772.00 520.00 69.00
2232400.00 515.00 48.00
2234024.00 517.00 60.00
2235656.00 513.00 56.00
2237284.00 517.00 1.00
2238864.00 517.00 45.00
2240484.00 514.00 30.00
2242104.00 518.00 53.00
2243736.00 509.00 21.00
2245356.00 516.00 52.00
2246984.00 518.00 57.00
2248612.00 515.00 43.00
2250236.00 514.00 58.00
2251864.00 523.00 62.00
2253492.00 519.00 46.00
2255120.00 514.00 58.00
2256736.00 522.00 62.00
2258360.00 516.00 16.00
2259992.00 519.00 20.00
2261612.00 520.00 66.00
2263240.00 514.00 43.00
2264864.00 511.00 24.00
2266492.00 521.00 62.00
2268112.00 516.00 51.00
2269740.00 520.00 38.00
2271368.00 518.00 61.00
2272996.00 521.00 48.00
2274624.00 519.00 53.00
2276240.00 518.00 59.00
2277864.00 516.00 43.00
2279496.00 514.00 53.00
2281124.00 516.00 59.00
2282752.00 519.00 48.00
2284372.00 514.00 45.00
2285996.00 516.00 55.00
2287624.00 507.00 5.00
2289208.00 523.00 36.00
2290832.00 518.00 61.00
2292460.00 516.00 43.00
2294088.00 512.00 56.00
2295712.00 517.00 55.00
2297340.00 519.00 42.00
2298968.00 517.00 67.00
2300596.00 519.00 57.00
2302224.00 511.00 8.00
2303808.00 515.00 52.00
2305428.00 517.00 63.00
2307048.00 519.00 43.00
2308672.00 516.00 40.00
2310304.00 517.00 61.00
2311924.00 516.00 49.00
2313552.00 521.00 34.00
2315172.00 519.00 66.00
2316796.00 515.00 42.00
2318424.00 520.00 12.00
2320048.00 519.00 63.00
2321680.00 518.00 42.00
2323296.00 517.00 64.00
2324920.00 518.00 63.00
2326552.00 516.00 51.00
2328172.00 513.00 51.00
2329800.00 520.00 63.00
2331424.00 518.00 51.00
2333052.00 515.00 50.00
2334676.00 517.00 87.00
2336300.00 519.00 62.00
2337928.00 514.00 46.00
2339544.00 516.00 76.00
2341176.00 517.00 68.00
2342804.00 519.00 45.00
2344424.00 520.00 62.00
2346056.00 518.00 73.00
2347676.00 516.00 55.00
2349304.00 516.00 56.00
2350932.00 521.00 74.00
2352556.00 515.00 61.00
2354184.00 513.00 4.00
2355768.00 520.00 20.00
2357392.00 520.00 71.00
2359012.00 517.00 55.00
2360640.00 516.00 54.00
2362264.00 517.00 92.00
2363892.00 525.00 66.00
2365520.00 512.00 43.00
2367144.00 518.00 70.00
2368776.00 516.00 70.00
2370404.00 514.00 63.00
2372028.00 514.00 59.00
2373656.00 518.00 73.00
2375276.00 517.00 70.00
2376904.00 501.00 0.00
2378472.00 512.00 35.00
2380096.00 519.00 90.00
2381724.00 520.00 69.00
2383348.00 516.00 52.00
2384976.00 514.00 48.00
2386600.00 516.00 61.00
2388232.00 520.00 69.00
2389852.00 512.00 53.00
2391476.00 517.00 71.00
2393104.00 522.00 109.00
2394776.00 516.00 67.00
2396400.00 517.00 52.00
2398028.00 522.00 73.00
2399652.00 520.00 77.00
2401276.00 515.00 61.00
2402908.00 516.00 58.00
2404536.00 519.00 64.00
2406156.00 514.00 72.00
2407784.00 519.00 58.00
2409408.00 516.00 47.00
2411032.00 522.00 88.00
2412664.00 518.00 71.00
2414292.00 519.00 47.00
2415920.00 516.00 56.00
2417548.00 508.00 49.00
2419168.00 521.00 69.00
2420800.00 519.00 53.00
2422424.00 516.00 60.00
2424056.00 517.00 90.00
2425676.00 513.00 71.00
2427300.00 515.00 56.00
2428924.00 517.00 62.00
2430556.00 512.00 68.00
2432188.00 518.00 71.00
2433808.00 517.00 57.00
2435440.00 516.00 58.00
2437060.00 518.00 90.00
2438684.00 521.00 68.00
2440312.00 514.00 54.00
2441940.00 515.00 65.00
2443568.00 517.00 77.00
2445196.00 518.00 73.00
2446820.00 514.00 63.00
2448448.00 517.00 60.00
2450076.00 519.00 93.00
2451704.00 517.00 76.00
2453332.00 519.00 57.00
2454956.00 519.00 57.00
2456584.00 514.00 54.00
2458212.00 519.00 74.00
2459840.00 517.00 54.00
2461456.00 515.00 50.00
2463088.00 516.00 81.00
2464704.00 521.00 77.00
2466328.00 520.00 58.00
2467960.00 520.00 57.00
2469576.00 516.00 71.00
2471208.00 520.00 72.00
2472832.00 518.00 61.00
2474460.00 517.00 53.00
2476088.00 520.00 80.00
2477716.00 520.00 76.00
2479344.00 519.00 63.00
2480972.00 517.00 56.00
2482592.00 519.00 61.00
2484216.00 523.00 74.00
2485840.00 518.00 60.00
2487472.00 513.00 46.00
2489092.00 522.00 78.00
2490720.00 518.00 82.00
2492348.00 522.00 65.00
2493972.00 519.00 62.00
2495600.00 516.00 42.00
2497228.00 521.00 71.00
2498856.00 517.00 67.00
2500484.00 521.00 55.00
2502104.00 515.00 60.00
2503736.00 519.00 72.00
2505364.00 519.00 70.00
2506992.00 517.00 59.00
2508620.00 516.00 63.00
2510244.00 526.00 95.00
2511868.00 518.00 70.00
2513500.00 518.00 56.00
2515128.00 519.00 65.00
2516756.00 519.00 81.00
2518384.00 517.00 72.00
2520012.00 517.00 58.00
2521632.00 518.00 64.00
2523264.00 519.00 89.00
2524884.00 518.00 71.00
2526512.00 522.00 27.00
2528140.00 517.00 64.00
2529772.00 515.00 55.00
2531400.00 519.00 71.00
2533028.00 510.00 0.00
2534600.00 515.00 54.00
2536220.00 519.00 86.00
2537848.00 520.00 73.00
2539476.00 518.00 58.00
2541100.00 517.00 60.00
2542728.00 514.00 60.00
2544356.00 519.00 68.00
2545984.00 520.00 51.00
2547612.00 515.00 55.00
2549236.00 519.00 104.00
2550908.00 515.00 60.00
2552532.00 516.00 48.00
2554160.00 518.00 78.00
2555788.00 516.00 68.00
2557412.00 514.00 48.00
2559044.00 519.00 64.00
2560668.00 514.00 64.00
2562296.00 515.00 61.00
2563912.00 515.00 50.00
2565536.00 500.00 40.00
2567160.00 518.00 63.00
2568784.00 517.00 47.00
2570416.00 518.00 16.00
2572032.00 519.00 66.00
2573664.00 519.00 46.00
2575280.00 512.00 55.00
2576908.00 519.00 62.00
2578536.00 518.00 52.00
2580156.00 508.00 28.00
2581784.00 518.00 96.00
2583408.00 516.00 43.00
2585032.00 509.00 0.00
2586600.00 514.00 64.00
2588216.00 514.00 65.00
2589848.00 519.00 34.00
2591464.00 517.00 72.00
2593096.00 518.00 65.00
2594724.00 519.00 44.00
2596344.00 517.00 72.00
2597976.00 521.00 67.00
2599604.00 513.00 45.00
2601232.00 511.00 54.00
2602848.00 520.00 63.00
2604472.00 518.00 35.00
2606104.00 513.00 61.00
2607728.00 509.00 12.00
2609360.00 518.00 6.00
2610944.00 513.00 56.00
2612568.00 512.00 57.00
2614192.00 516.00 3.00
2615776.00 516.00 50.00
2617400.00 515.00 67.00
2619028.00 521.00 52.00
2620656.00 514.00 52.00
2622284.00 519.00 62.00
2623904.00 512.00 47.00
2625532.00 514.00 52.00
2627160.00 516.00 71.00
2628792.00 515.00 42.00
2630408.00 511.00 37.00
2632040.00 514.00 52.00
2633656.00 518.00 45.00
2635280.00 518.00 52.00
2636912.00 515.00 63.00
2638528.00 515.00 47.00
2640160.00 516.00 64.00
2641776.00 519.00 71.00
2643400.00 522.00 44.00
2645032.00 515.00 60.00
2646648.00 518.00 63.00
2648280.00 514.00 36.00
2649896.00 518.00 68.00
2651520.00 517.00 62.00
2653144.00 509.00 22.00
2654768.00 519.00 76.00
2656400.00 515.00 57.00
2658016.00 514.00 46.00
2659648.00 520.00 92.00
2661268.00 517.00 53.00
2662888.00 514.00 51.00
2664520.00 519.00 61.00
2666136.00 516.00 49.00
2667768.00 516.00 54.00
2669384.00 514.00 63.00
2671008.00 515.00 43.00
2672632.00 516.00 42.00
2674260.00 521.00 62.00
2675888.00 513.00 43.00
2677504.00 515.00 25.00
2679136.00 515.00 61.00
2680760.00 516.00 41.00
2682384.00 507.00 40.00
2684016.00 519.00 60.00
2685632.00 518.00 43.00
2687264.00 519.00 67.00
2688884.00 517.00 57.00
2690504.00 516.00 46.00
2692136.00 514.00 68.00
2693752.00 519.00 56.00
2695384.00 512.00 37.00
2697000.00 516.00 65.00
2698624.00 517.00 61.00
2700248.00 504.00 20.00
2701876.00 506.00 40.00
2703504.00 517.00 59.00
2705120.00 514.00 56.00
2706752.00 515.00 67.00
2708372.00 524.00 67.00
2709996.00 513.00 52.00
2711624.00 514.00 48.00
2713252.00 519.00 69.00
2714880.00 516.00 54.00
2716504.00 508.00 40.00
2718128.00 519.00 67.00
2719760.00 516.00 55.00
2721388.00 514.00 4.00
2722972.00 519.00 80.00
2724592.00 519.00 67.00
2726224.00 514.00 47.00
2727840.00 518.00 74.00
2729464.00 520.00 75.00
2731096.00 515.00 55.00
2732724.00 513.00 56.00
2734352.00 519.00 77.00
2735980.00 517.00 63.00
2737604.00 517.00 51.00
2739232.00 519.00 56.00
2740848.00 516.00 66.00
2742480.00 517.00 55.00
2744096.00 519.00 63.00
2745720.00 520.00 102.00
2747388.00 523.00 61.00
2749016.00 518.00 49.00
2750648.00 518.00 86.00
2752268.00 520.00 72.00
2753896.00 517.00 55.00
2755516.00 517.00 72.00
2757140.00 516.00 79.00
2758768.00 516.00 60.00
2760392.00 515.00 56.00
2762024.00 519.00 68.00
2763644.00 518.00 63.00
2765268.00 518.00 52.00
2766896.00 519.00 54.00
2768512.00 519.00 68.00
2770144.00 517.00 58.00
2771760.00 512.00 53.00
2773388.00 518.00 89.00
2775012.00 518.00 69.00
2776636.00 521.00 45.00
2778264.00 519.00 56.00
2779888.00 517.00 67.00
2781520.00 518.00 55.00
2783148.00 516.00 57.00
2784772.00 516.00 74.00
2786400.00 520.00 63.00
2788024.00 519.00 54.00
2789656.00 520.00 68.00
2791276.00 520.00 68.00
2792900.00 517.00 63.00
2794528.00 517.00 48.00
2796156.00 525.00 84.00
2797784.00 518.00 81.00
2799412.00 521.00 0.00
2800976.00 509.00 16.00
2802592.00 519.00 33.00
2804220.00 512.00 74.00
2805848.00 517.00 61.00
2807472.00 515.00 58.00
2809104.00 521.00 87.00
2810732.00 518.00 79.00
2812356.00 516.00 57.00
2813984.00 513.00 60.00
2815612.00 516.00 72.00
2817244.00 521.00 74.00
2818864.00 516.00 60.00
2820488.00 519.00 60.00
2822112.00 520.00 88.00
2823736.00 517.00 76.00
2825368.00 517.00 60.00
2826992.00 522.00 66.00
2828624.00 515.00 45.00
2830240.00 519.00 77.00
2831868.00 516.00 68.00
2833496.00 515.00 60.00
2835124.00 521.00 88.00
2836752.00 520.00 85.00
2838380.00 516.00 63.00
2840004.00 517.00 55.00
2841632.00 518.00 52.00
2843248.00 523.00 74.00
2844880.00 519.00 66.00
2846496.00 521.00 54.00
2848124.00 514.00 64.00
2849744.00 521.00 67.00
2851372.00 517.00 75.00
2853000.00 515.00 59.00
2854628.00 517.00 68.00
2856256.00 522.00 94.00
2857884.00 520.00 81.00
2859508.00 518.00 61.00
2861136.00 520.00 63.00
2862764.00 519.00 70.00
2864392.00 518.00 77.00
2866020.00 515.00 58.00
2867644.00 515.00 58.00
2869272.00 517.00 81.00
2870888.00 519.00 82.00
2872520.00 518.00 71.00
2874140.00 513.00 57.00
2875768.00 517.00 18.00
2877388.00 519.00 73.00
2879012.00 517.00 69.00
2880640.00 516.00 58.00
2882264.00 519.00 80.00
2883896.00 523.00 85.00
2885512.00 518.00 63.00
2887144.00 518.00 61.00
2888776.00 520.00 44.00
2890392.00 521.00 72.00
2892024.00 519.00 63.00
2893648.00 520.00 50.00
2895272.00 518.00 76.00
2896904.00 516.00 65.00
2898528.00 516.00 59.00
2900160.00 516.00 48.00
2901776.00 509.00 30.00
2903408.00 518.00 69.00
2905036.00 518.00 62.00
2906660.00 515.00 56.00
2908288.00 520.00 91.00
2909912.00 514.00 67.00
2911544.00 518.00 53.00
2913172.00 519.00 74.00
2914796.00 519.00 79.00
2916424.00 517.00 55.00
2918052.00 517.00 55.00
2919680.00 516.00 57.00
2921304.00 515.00 67.00
2922932.00 515.00 50.00
2924560.00 517.00 51.00
2926188.00 516.00 66.00
2927816.00 520.00 57.00
2929444.00 515.00 68.00
2931068.00 520.00 67.00
2932692.00 514.00 54.00
2934316.00 519.00 52.00
2935944.00 521.00 59.00
2937572.00 518.00 51.00
2939200.00 513.00 48.00
2940824.00 517.00 95.00
2942452.00 518.00 51.00
2944080.00 513.00 47.00
2945704.00 517.00 56.00
2947336.00 515.00 48.00
2948956.00 516.00 22.00
2950580.00 520.00 60.00
2952208.00 510.00 0.00
2953768.00 510.00 0.00
2955332.00 519.00 74.00
2956956.00 521.00 61.00
2958584.00 517.00 40.00
2960204.00 518.00 77.00
2961824.00 516.00 50.00
2963448.00 513.00 44.00
2965072.00 514.00 92.00
2966704.00 515.00 45.00
2968332.00 506.00 12.00
2969960.00 519.00 54.00
2971576.00 516.00 50.00
2973204.00 515.00 47.00
2974832.00 519.00 67.00
2976452.00 517.00 5.00
2978036.00 517.00 51.00
2979656.00 521.00 67.00
2981284.00 515.00 48.00
2982904.00 518.00 72.00
2984532.00 516.00 60.00
2986160.00 519.00 47.00
2987788.00 511.00 48.00
2989416.00 520.00 59.00
2991044.00 513.00 37.00
2992668.00 512.00 52.00
2994296.00 516.00 54.00
2995916.00 514.00 40.00
2997544.00 507.00 0.00
2999112.00 520.00 53.00
3000740.00 517.00 46.00
3002364.00 514.00 393.00
3004048.00 513.00 251.00
3005720.00 506.00 418.00
3007392.00 507.00 354.00
3009064.00 512.00 273.00
3010740.00 507.00 448.00
3012416.00 513.00 390.00
3014088.00 509.00 296.00
3015764.00 509.00 418.00
3017440.00 509.00 465.00
3019116.00 510.00 337.00
3020792.00 513.00 336.00
3022464.00 515.00 433.00
3024148.00 504.00 542.00
3025824.00 506.00 405.00
3027496.00 507.00 353.00
3029172.00 510.00 379.00
3030848.00 507.00 464.00
3032520.00 507.00 546.00
3034196.00 508.00 495.00
3035872.00 509.00 432.00
3037548.00 508.00 403.00
3039224.00 508.00 398.00
3040896.00 505.00 418.00
3042572.00 509.00 448.00
3044244.00 508.00 519.00
3045920.00 504.00 539.00
3047596.00 511.00 577.00
3049272.00 508.00 575.00
3050944.00 508.00 616.00
3052620.00 512.00 557.00
3054296.00 509.00 560.00
3055972.00 513.00 553.00
3057648.00 506.00 551.00
3059328.00 509.00 552.00
3061004.00 511.00 565.00
3062680.00 512.00 567.00
3064352.00 511.00 662.00
3066028.00 508.00 597.00
3067704.00 507.00 644.00
3069376.00 508.00 624.00
3071056.00 505.00 627.00
3072728.00 506.00 600.00
3074412.00 507.00 591.00
3076084.00 506.00 541.00
3077756.00 508.00 526.00
3079436.00 509.00 518.00
3081112.00 512.00 528.00
3082784.00 508.00 543.00
3084460.00 509.00 592.00
3086136.00 508.00 686.00
3087804.00 508.00 665.00
3089484.00 511.00 621.00
3091160.00 508.00 556.00
3092836.00 510.00 550.00
3094512.00 505.00 550.00
3096184.00 505.00 598.00
3097860.00 508.00 700.00
3099532.00 507.00 687.00
3101216.00 509.00 608.00
3102892.00 507.00 561.00
3104568.00 510.00 569.00
3106240.00 511.00 618.00
3107916.00 510.00 666.00
3109592.00 509.00 661.00
3111268.00 508.00 580.00
3112944.00 511.00 575.00
3114616.00 512.00 595.00
3116292.00 514.00 667.00
3117968.00 510.00 675.00
3119640.00 508.00 591.00
3121316.00 508.00 582.00
3122992.00 510.00 605.00
3124664.00 507.00 674.00
3126340.00 510.00 671.00
3128016.00 511.00 589.00
3129692.00 513.00 590.00
3131368.00 510.00 640.00
3133040.00 511.00 697.00
3134716.00 509.00 652.00
3136392.00 513.00 599.00
3138064.00 507.00 641.00
3139740.00 511.00 723.00
3141416.00 506.00 647.00
3143088.00 509.00 621.00
3144764.00 512.00 680.00
3146440.00 508.00 692.00
3148116.00 513.00 636.00
3149792.00 514.00 640.00
3151464.00 511.00 721.00
3153140.00 511.00 670.00
3154816.00 512.00 633.00
3156488.00 507.00 707.00
3158164.00 510.00 702.00
3159840.00 512.00 632.00
3161520.00 511.00 678.00
3163196.00 510.00 724.00
3164872.00 508.00 633.00
3166548.00 510.00 652.00
3168224.00 509.00 738.00
3169896.00 514.00 653.00
3171572.00 511.00 637.00
3173248.00 510.00 762.00
3174928.00 506.00 686.00
3176604.00 508.00 638.00
3178280.00 508.00 689.00
3179952.00 511.00 713.00
3181632.00 510.00 638.00
3183304.00 509.00 653.00
3184980.00 509.00 731.00
3186656.00 508.00 656.00
3188328.00 509.00 635.00
3190004.00 512.00 714.00
3191680.00 509.00 686.00
3193352.00 506.00 631.00
3195032.00 506.00 693.00
3196704.00 509.00 712.00
3198384.00 509.00 629.00
3200064.00 511.00 657.00
3201732.00 510.00 734.00
3203412.00 509.00 638.00
3205084.00 508.00 634.00
3206760.00 507.00 756.00
3208436.00 508.00 682.00
3210108.00 510.00 635.00
3211784.00 511.00 687.00
3213460.00 510.00 711.00
3215136.00 506.00 638.00
3216812.00 512.00 652.00
3218492.00 510.00 727.00
3220164.00 507.00 660.00
3221844.00 506.00 639.00
3223520.00 513.00 718.00
3225192.00 508.00 673.00
3226868.00 513.00 637.00
3228544.00 507.00 704.00
3230216.00 510.00 711.00
3231892.00 514.00 637.00
3233568.00 511.00 688.00
3235244.00 509.00 725.00
3236924.00 511.00 643.00
3238596.00 506.00 682.00
3240276.00 509.00 736.00
3241952.00 509.00 650.00
3243624.00 506.00 685.00
3245300.00 509.00 741.00
3246976.00 511.00 655.00
3248648.00 511.00 699.00
3250324.00 512.00 739.00
3252000.00 513.00 664.00
3253676.00 510.00 730.00
3255356.00 512.00 721.00
3257032.00 511.00 676.00
3258708.00 506.00 757.00
3260384.00 506.00 692.00
3262056.00 510.00 707.00
3263732.00 511.00 746.00
3265408.00 511.00 686.00
3267080.00 509.00 792.00
3268756.00 506.00 699.00
3270432.00 509.00 706.00
3272108.00 510.00 763.00
3273788.00 505.00 688.00
3275464.00 508.00 759.00
3277144.00 509.00 718.00
3278812.00 507.00 721.00
3280484.00 511.00 757.00
3282164.00 513.00 710.00
3283836.00 514.00 793.00
3285508.00 511.00 715.00
3287188.00 510.00 784.00
3288860.00 509.00 731.00
3290540.00 509.00 787.00
3292220.00 510.00 746.00
3293892.00 510.00 795.00
3295572.00 506.00 764.00
3297248.00 508.00 848.00
3298916.00 510.00 767.00
3300596.00 512.00 830.00
3302268.00 506.00 782.00
3303944.00 510.00 838.00
3305620.00 509.00 797.00
3307292.00 509.00 812.00
3308972.00 512.00 836.00
3310652.00 510.00 804.00
3312324.00 505.00 857.00
3314004.00 510.00 815.00
3315676.00 509.00 824.00
3317348.00 512.00 860.00
3319028.00 510.00 823.00
3320704.00 511.00 858.00
3322372.00 507.00 865.00
3324052.00 509.00 837.00
3325724.00 506.00 867.00
3327404.00 507.00 874.00
3329084.00 506.00 853.00
3330756.00 509.00 878.00
3332436.00 509.00 907.00
3334108.00 508.00 867.00
3335780.00 506.00 870.00
3337460.00 507.00 911.00
3339136.00 510.00 895.00
3340808.00 510.00 881.00
3342484.00 508.00 892.00
3344156.00 511.00 912.00
3345836.00 508.00 894.00
3347516.00 512.00 887.00
3349192.00 511.00 896.00
3350868.00 510.00 918.00
3352544.00 507.00 901.00
3354216.00 510.00 890.00
3355892.00 508.00 902.00
3357568.00 507.00 922.00
3359240.00 507.00 912.00
3360916.00 507.00 899.00
3362588.00 509.00 901.00
3364268.00 511.00 922.00
3365948.00 510.00 926.00
3367624.00 507.00 915.00
3369300.00 514.00 913.00
3370972.00 513.00 922.00
3372648.00 512.00 936.00
3374324.00 509.00 949.00
3376000.00 509.00 928.00
3377668.00 510.00 926.00
3379348.00 509.00 929.00
3381020.00 506.00 941.00
3382700.00 511.00 950.00
3384380.00 511.00 947.00
3386052.00 510.00 944.00
3387732.00 508.00 944.00
3389408.00 511.00 948.00
3391080.00 510.00 956.00
3392756.00 510.00 962.00
3394428.00 510.00 968.00
3396100.00 510.00 978.00
3397780.00 505.00 971.00
3399452.00 511.00 974.00
3401132.00 510.00 979.00
3402812.00 508.00 983.00
3404484.00 511.00 989.00
3406164.00 509.00 992.00
3407836.00 506.00 995.00
3409512.00 510.00 996.00
3411188.00 508.00 995.00
3412864.00 510.00 994.00
3414536.00 508.00 997.00
3416212.00 510.00 998.00
3417888.00 507.00 1001.00
3419608.00 508.00 1007.00
3421328.00 508.00 1015.00
3423040.00 511.00 1023.00
3424760.00 510.00 1023.00
3426488.00 510.00 1023.00
3428200.00 505.00 1023.00
3429920.00 512.00 1023.00
3431648.00 510.00 1023.00
3433368.00 514.00 1023.00
3435088.00 509.00 1023.00
3436816.00 510.00 1023.00
3438528.00 508.00 1023.00
3440248.00 512.00 1023.00
3441976.00 512.00 1021.00
3443688.00 510.00 1020.00
3445408.00 508.00 1018.00
3447136.00 508.00 1018.00
3448856.00 507.00 1018.00
3450568.00 507.00 1019.00
3452296.00 512.00 1020.00
3454016.00 506.00 1022.00
3455728.00 507.00 1023.00
3457456.00 511.00 1023.00
3459184.00 508.00 1023.00
3460896.00 510.00 1023.00
3462616.00 511.00 1023.00
3464344.00 510.00 1023.00
3466056.00 506.00 1023.00
3467776.00 508.00 1023.00
3469504.00 505.00 1023.00
3471216.00 508.00 1023.00
3472940.00 511.00 1023.00
3474664.00 509.00 1023.00
3476376.00 514.00 1023.00
3478100.00 509.00 1023.00
3479824.00 508.00 1023.00
3481540.00 512.00 1023.00
3483260.00 513.00 1023.00
3484984.00 513.00 1023.00
3486696.00 506.00 1023.00
3488416.00 507.00 1023.00
3490144.00 511.00 1023.00
3491864.00 509.00 1023.00
3493576.00 508.00 1023.00
3495304.00 507.00 1023.00
3497024.00 511.00 1023.00
3498736.00 510.00 1023.00
3500464.00 512.00 1023.00
3502192.00 510.00 1023.00
3503912.00 508.00 1023.00
3505636.00 512.00 1023.00
3507360.00 510.00 1023.00
3509072.00 509.00 1023.00
3510796.00 511.00 1023.00
3512520.00 513.00 1023.00
3514240.00 506.00 1023.00
3515960.00 509.00 1023.00
3517688.00 509.00 1023.00
3519412.00 511.00 1023.00
3521132.00 510.00 1023.00
3522856.00 507.00 1023.00
3524568.00 507.00 1023.00
3526288.00 508.00 1023.00
3528016.00 509.00 1023.00
3529736.00 509.00 1023.00
3531448.00 512.00 1023.00
3533176.00 509.00 1023.00
3534896.00 510.00 1023.00
3536608.00 507.00 1023.00
3538336.00 513.00 1023.00
3540056.00 513.00 1023.00
3541768.00 509.00 1023.00
3543496.00 509.00 1023.00
3545216.00 510.00 1023.00
3546932.00 511.00 1023.00
3548648.00 510.00 1023.00
3550376.00 511.00 1023.00
3552092.00 508.00 1023.00
3553808.00 511.00 1023.00
3555536.00 505.00 1023.00
3557252.00 508.00 1023.00
3558972.00 509.00 1023.00
3560696.00 513.00 1023.00
3562412.00 513.00 1023.00
3564128.00 512.00 1023.00
3565856.00 509.00 1023.00
3567568.00 513.00 1023.00
3569292.00 511.00 1023.00
3571016.00 508.00 1023.00
3572732.00 509.00 1023.00
3574460.00 510.00 1023.00
3576184.00 510.00 1023.00
3577904.00 510.00 1023.00
3579628.00 509.00 1023.00
3581352.00 512.00 1023.00
3583080.00 509.00 1023.00
3584804.00 509.00 1023.00
3586520.00 510.00 1023.00
3588240.00 512.00 1023.00
3589952.00 510.00 1023.00
3591672.00 511.00 1023.00
3593400.00 508.00 1023.00
3595120.00 511.00 1023.00
3596844.00 511.00 1023.00
3598568.00 508.00 1023.00
3600280.00 508.00 1023.00
3602000.00 507.00 1023.00
3603728.00 511.00 1023.00
3605440.00 507.00 1023.00
3607160.00 510.00 1023.00
3608888.00 510.00 1023.00
3610600.00 508.00 1023.00
3612320.00 509.00 1023.00
3614048.00 510.00 1023.00
3615768.00 510.00 1023.00
3617480.00 511.00 1023.00
3619208.00 507.00 1023.00
3620928.00 509.00 1023.00
3622640.00 514.00 1023.00
3624368.00 512.00 1023.00
3626088.00 509.00 1023.00
3627800.00 509.00 1023.00
3629528.00 512.00 1023.00
3631248.00 508.00 1023.00
3632960.00 507.00 1023.00
3634680.00 512.00 1023.00
3636408.00 509.00 1023.00
3638128.00 508.00 1023.00
3639848.00 511.00 1023.00
3641576.00 511.00 1023.00
3643300.00 512.00 1023.00
3645016.00 514.00 1023.00
3646744.00 508.00 1023.00
3648464.00 507.00 1023.00
3650184.00 511.00 1023.00
3651912.00 510.00 1023.00
3653624.00 510.00 1023.00
3655344.00 512.00 1023.00
3657072.00 515.00 1023.00
3658800.00 511.00 1023.00
3660512.00 512.00 1023.00
3662240.00 509.00 1023.00
3663968.00 513.00 1023.00
3665684.00 514.00 1023.00
3667408.00 503.00 1023.00
3669128.00 511.00 1023.00
3670840.00 510.00 1023.00
3672564.00 510.00 1023.00
3674288.00 510.00 1023.00
3676008.00 513.00 1023.00
3677732.00 512.00 1023.00
3679456.00 508.00 1023.00
3681180.00 509.00 1023.00
3682900.00 505.00 1023.00
3684624.00 511.00 1023.00
3686340.00 510.00 1023.00
3688060.00 507.00 1023.00
3689784.00 508.00 1023.00
3691496.00 508.00 1023.00
3693216.00 509.00 1023.00
3694944.00 510.00 1023.00
3696664.00 506.00 1023.00
3698376.00 507.00 1023.00
3700104.00 513.00 1023.00
3701824.00 509.00 1023.00
3703536.00 510.00 1023.00
3705264.00 511.00 1023.00
3706992.00 512.00 1023.00
3708712.00 511.00 1023.00
3710436.00 513.00 1023.00
3712160.00 513.00 1023.00
3713880.00 511.00 1023.00
3715600.00 510.00 1023.00
3717328.00 509.00 1023.00
3719040.00 509.00 1023.00
3720760.00 510.00 1023.00
3722488.00 507.00 1023.00
3724200.00 505.00 1023.00
3725920.00 513.00 1023.00
3727648.00 511.00 1023.00
3729360.00 511.00 1023.00
3731080.00 513.00 1023.00
3732808.00 513.00 1023.00
3734536.00 510.00 1023.00
3736252.00 510.00 1023.00
3737976.00 507.00 1023.00
3739704.00 509.00 1023.00
3741416.00 508.00 1023.00
3743144.00 508.00 1023.00
3744872.00 506.00 1022.00
3746592.00 509.00 1023.00
3748312.00 509.00 1023.00
3750040.00 508.00 1023.00
3751756.00 508.00 1023.00
3753476.00 509.00 1023.00
3755200.00 509.00 1023.00
3756924.00 509.00 1023.00
3758640.00 508.00 1023.00
3760368.00 511.00 1023.00
3762080.00 511.00 1023.00
3763804.00 511.00 1023.00
3765528.00 507.00 1023.00
3767252.00 508.00 1023.00
3768972.00 507.00 1023.00
3770696.00 509.00 1023.00
3772408.00 510.00 1023.00
3774132.00 507.00 1023.00
3775856.00 510.00 1023.00
3777584.00 510.00 1023.00
3779308.00 510.00 1023.00
3781032.00 510.00 1023.00
3782752.00 513.00 1023.00
3784476.00 509.00 1023.00
3786200.00 513.00 1023.00
3787928.00 514.00 1023.00
3789652.00 507.00 1023.00
3791368.00 512.00 1023.00
3793096.00 510.00 1022.00
3794812.00 508.00 1023.00
3796528.00 512.00 1023.00
3798256.00 509.00 1023.00
3799972.00 511.00 1023.00
3801692.00 507.00 1023.00
3803416.00 510.00 1023.00
3805132.00 506.00 1023.00
3806852.00 507.00 1023.00
3808576.00 509.00 1023.00
3810300.00 509.00 1023.00
3812028.00 510.00 1023.00
3813752.00 510.00 1023.00
3815472.00 509.00 1023.00
3817196.00 508.00 1023.00
3818920.00 507.00 1023.00
3820648.00 508.00 1023.00
3822372.00 508.00 1023.00
3824092.00 509.00 1023.00
3825816.00 507.00 1023.00
3827532.00 508.00 1023.00
3829252.00 507.00 1023.00
3830976.00 510.00 1023.00
3832700.00 506.00 1023.00
3834420.00 512.00 1023.00
3836144.00 509.00 1023.00
3837868.00 510.00 1022.00
3839588.00 509.00 1023.00
3841316.00 509.00 1023.00
3843032.00 511.00 1022.00
3844752.00 511.00 1023.00
3846480.00 512.00 1023.00
3848200.00 508.00 1023.00
3849912.00 508.00 1023.00
3851640.00 512.00 1023.00
3853368.00 512.00 1023.00
3855080.00 510.00 1023.00
3856808.00 509.00 1023.00
3858528.00 510.00 1023.00
3860240.00 509.00 1023.00
3861968.00 510.00 1023.00
3863688.00 510.00 1023.00
3865400.00 512.00 1023.00
3867124.00 510.00 1023.00
3868848.00 511.00 1023.00
3870560.00 512.00 1023.00
3872284.00 510.00 1023.00
3874008.00 509.00 1023.00
3875720.00 511.00 1023.00
3877444.00 510.00 1023.00
3879168.00 510.00 1023.00
3880892.00 506.00 1023.00
3882608.00 510.00 1022.00
3884336.00 512.00 1023.00
3886052.00 511.00 1023.00
3887772.00 509.00 1023.00
3889496.00 508.00 1023.00
3891224.00 511.00 1023.00
3892944.00 506.00 1023.00
3894672.00 512.00 1023.00
3896392.00 509.00 1023.00
3898104.00 509.00 1023.00
3899832.00 506.00 1023.00
3901552.00 510.00 1023.00
3903276.00 508.00 1023.00
3904996.00 509.00 1023.00
3906720.00 508.00 1023.00
3908432.00 509.00 1023.00
3910156.00 505.00 1023.00
3911880.00 506.00 1023.00
3913600.00 511.00 1023.00
3915320.00 510.00 1023.00
3917048.00 509.00 1023.00
3918768.00 509.00 1023.00
3920492.00 509.00 1023.00
3922216.00 509.00 1023.00
3923932.00 510.00 1023.00
3925652.00 508.00 1023.00
3927376.00 510.00 1023.00
3929104.00 509.00 1023.00
3930828.00 512.00 1023.00
3932552.00 507.00 1023.00
3934280.00 509.00 1023.00
3935992.00 510.00 1023.00
3937720.00 509.00 1023.00
3939448.00 509.00 1023.00
3941160.00 509.00 1023.00
3942880.00 508.00 1023.00
3944608.00 511.00 1023.00
3946320.00 510.00 1023.00
3948040.00 506.00 1023.00
3949768.00 510.00 1023.00
3951480.00 507.00 1023.00
3953204.00 510.00 1023.00
3954928.00 505.00 1023.00
3956644.00 511.00 1023.00
3958360.00 511.00 1023.00
3960088.00 513.00 1023.00
3961808.00 508.00 1023.00
3963528.00 508.00 1023.00
3965256.00 509.00 1023.00
3966972.00 508.00 1023.00
3968700.00 509.00 1023.00
3970424.00 513.00 1023.00
3972144.00 507.00 1023.00
3973860.00 510.00 1023.00
3975584.00 513.00 1023.00
3977304.00 512.00 1023.00
3979024.00 508.00 1023.00
3980752.00 511.00 1023.00
3982472.00 507.00 1023.00
3984196.00 508.00 1023.00
3985912.00 510.00 1023.00
3987640.00 509.00 1023.00
3989364.00 512.00 1023.00
3991084.00 513.00 1023.00
3992808.00 511.00 1023.00
3994532.00 509.00 1023.00
3996248.00 507.00 1023.00
3997976.00 509.00 1023.00
3999692.00 507.00 1023.00
4001412.00 504.00 1023.00
END
