 508.00 1023.00
323950176.00 508.00 1023.00
323952000.00 508.00 1023.00
323953792.00 509.00 1023.00
323955616.Start

time_(μs) raw_current raw_low_voltage
316.00 509.00 1023.00
1968.00 508.00 1023.00
3572.00 508.00 1023.00
5180.00 508.00 1023.00
6780.00 507.00 1023.00
8388.00 509.00 1022.00
9988.00 507.00 1023.00
11596.00 508.00 1023.00
13240.00 509.00 1022.00
14888.00 508.00 1023.00
16544.00 508.00 1023.00
18184.00 508.00 1023.00
19840.00 508.00 1023.00
21480.00 508.00 1023.00
23128.00 508.00 1023.00
24784.00 508.00 1023.00
26424.00 509.00 1023.00
28072.00 508.00 1023.00
29720.00 509.00 1023.00
31360.00 508.00 1023.00
33016.00 508.00 1023.00
34656.00 508.00 1023.00
36304.00 508.00 1023.00
37960.00 508.00 1023.00
39604.00 508.00 1023.00
41256.00 508.00 1023.00
42896.00 508.00 1023.00
44544.00 509.00 1023.00
46200.00 508.00 1023.00
47840.00 508.00 1023.00
49496.00 509.00 1023.00
51140.00 508.00 1023.00
52788.00 510.00 1023.00
54440.00 508.00 1023.00
56080.00 508.00 1023.00
57736.00 508.00 1023.00
59376.00 508.00 1023.00
61028.00 508.00 1023.00
62680.00 508.00 1023.00
64332.00 508.00 1023.00
65976.00 509.00 1023.00
67632.00 508.00 1023.00
69284.00 508.00 1023.00
70936.00 508.00 1023.00
72588.00 508.00 1023.00
74244.00 508.00 1023.00
75896.00 508.00 1023.00
77548.00 509.00 1023.00
79204.00 509.00 1023.00
80852.00 508.00 1023.00
82500.00 508.00 1023.00
84152.00 508.00 1023.00
85804.00 509.00 1023.00
87452.00 507.00 1023.00
89108.00 509.00 1023.00
90756.00 508.00 1023.00
92412.00 509.00 1023.00
94060.00 509.00 1023.00
95708.00 508.00 1023.00
97364.00 508.00 1023.00
99012.00 508.00 1023.00
100668.00 508.00 1023.00
102360.00 509.00 1023.00
104056.00 509.00 1023.00
105756.00 509.00 1023.00
107448.00 508.00 1023.00
109144.00 508.00 1023.00
110844.00 508.00 1023.00
112536.00 508.00 1023.00
114232.00 508.00 1023.00
115936.00 508.00 1023.00
117624.00 508.00 1023.00
119320.00 508.00 1023.00
121024.00 509.00 1023.00
122712.00 508.00 1023.00
124408.00 509.00 1023.00
126108.00 508.00 1023.00
127800.00 509.00 1023.00
129496.00 508.00 1023.00
131196.00 509.00 1023.00
132868.00 508.00 1023.00
134544.00 508.00 1023.00
136224.00 508.00 1023.00
137896.00 508.00 1022.00
139576.00 509.00 1023.00
141252.00 508.00 1023.00
142920.00 509.00 1022.00
144600.00 508.00 1023.00
146272.00 509.00 1023.00
147944.00 508.00 1023.00
149624.00 508.00 1023.00
151300.00 508.00 1023.00
152976.00 508.00 1023.00
154656.00 508.00 1023.00
156328.00 508.00 1023.00
158008.00 508.00 1023.00
159684.00 509.00 1023.00
161356.00 508.00 1022.00
163032.00 508.00 1023.00
164708.00 508.00 1023.00
166376.00 508.00 1023.00
168056.00 508.00 1023.00
169728.00 508.00 1023.00
171408.00 508.00 1023.00
173088.00 508.00 1023.00
174760.00 508.00 1023.00
176440.00 508.00 1023.00
178112.00 508.00 1023.00
179788.00 508.00 1023.00
181464.00 508.00 1023.00
183136.00 508.00 1023.00
184812.00 508.00 1023.00
186488.00 508.00 1023.00
188160.00 508.00 1023.00
189840.00 508.00 1023.00
191520.00 508.00 1023.00
193196.00 508.00 1023.00
194872.00 508.00 1023.00
196544.00 508.00 1023.00
198216.00 508.00 1023.00
199896.00 508.00 1023.00
201572.00 508.00 1023.00
203244.00 508.00 1023.00
204920.00 508.00 1023.00
206592.00 508.00 1023.00
208272.00 509.00 1022.00
209952.00 508.00 1023.00
211624.00 509.00 1023.00
213304.00 508.00 1023.00
214980.00 508.00 1023.00
216652.00 508.00 1022.00
218328.00 508.00 1023.00
220000.00 508.00 1023.00
221672.00 508.00 1023.00
223352.00 508.00 1023.00
225028.00 508.00 1023.00
226704.00 508.00 1023.00
228384.00 508.00 1023.00
230060.00 508.00 1023.00
231736.00 508.00 1023.00
233412.00 508.00 1023.00
235084.00 508.00 1023.00
236760.00 508.00 1023.00
238436.00 508.00 1023.00
240108.00 508.00 1023.00
241784.00 508.00 1023.00
243460.00 508.00 1023.00
245136.00 508.00 1023.00
246816.00 508.00 1023.00
248488.00 508.00 1023.00
250168.00 508.00 1023.00
251844.00 508.00 1023.00
253516.00 508.00 1023.00
255192.00 508.00 1023.00
256868.00 508.00 1023.00
258536.00 508.00 1023.00
260216.00 509.00 1023.00
261888.00 508.00 1023.00
263568.00 508.00 1023.00
265248.00 508.00 1023.00
266920.00 508.00 1023.00
268600.00 508.00 1023.00
270276.00 508.00 1023.00
271948.00 509.00 1023.00
273624.00 508.00 1023.00
275296.00 507.00 1023.00
276968.00 509.00 1023.00
278648.00 507.00 1023.00
280320.00 508.00 1023.00
282000.00 508.00 1023.00
283680.00 509.00 1023.00
285352.00 508.00 1023.00
287032.00 508.00 1023.00
288708.00 509.00 1023.00
290376.00 508.00 1023.00
292056.00 508.00 1023.00
293728.00 509.00 1023.00
295404.00 508.00 1023.00
297080.00 508.00 1023.00
298752.00 508.00 1023.00
300432.00 508.00 1023.00
302112.00 509.00 1023.00
303788.00 508.00 1023.00
305464.00 508.00 1023.00
307140.00 509.00 1023.00
308812.00 508.00 1023.00
310488.00 508.00 1023.00
312160.00 509.00 1023.00
313836.00 508.00 1023.00
315512.00 509.00 1023.00
317188.00 509.00 1023.00
318864.00 508.00 1023.00
320544.00 508.00 1023.00
322216.00 508.00 1023.00
323896.00 509.00 1023.00
325568.00 508.00 1023.00
327244.00 508.00 1023.00
328920.00 508.00 1023.00
330592.00 508.00 1023.00
332264.00 508.00 1023.00
333944.00 508.00 1023.00
335616.00 508.00 1023.00
337296.00 509.00 1023.00
338976.00 508.00 1023.00
340648.00 509.00 1023.00
342328.00 508.00 1023.00
344004.00 509.00 1022.00
345672.00 508.00 1023.00
347352.00 509.00 1023.00
349028.00 508.00 1023.00
350696.00 508.00 1023.00
352376.00 508.00 1023.00
354048.00 508.00 1023.00
355728.00 508.00 1023.00
357408.00 509.00 1023.00
359084.00 508.00 1023.00
360760.00 508.00 1023.00
362436.00 509.00 1023.00
364104.00 508.00 1023.00
365784.00 508.00 1023.00
367460.00 508.00 1023.00
369132.00 508.00 1023.00
370808.00 508.00 1023.00
372484.00 509.00 1023.00
374160.00 508.00 1023.00
375840.00 508.00 1023.00
377516.00 508.00 1023.00
379192.00 508.00 1023.00
380868.00 508.00 1023.00
382540.00 508.00 1023.00
384216.00 508.00 1023.00
385888.00 508.00 1023.00
387560.00 508.00 1023.00
389240.00 508.00 1023.00
390912.00 508.00 1023.00
392592.00 508.00 1023.00
394272.00 508.00 1023.00
395948.00 508.00 1023.00
397624.00 508.00 1023.00
399300.00 508.00 1023.00
400972.00 509.00 1023.00
402648.00 508.00 1023.00
404320.00 508.00 1023.00
405996.00 508.00 1023.00
407672.00 508.00 1023.00
409348.00 508.00 1023.00
411024.00 508.00 1023.00
412704.00 509.00 1023.00
414376.00 509.00 1023.00
416056.00 508.00 1023.00
417728.00 509.00 1023.00
419400.00 508.00 1023.00
421080.00 508.00 1023.00
422752.00 508.00 1023.00
424424.00 508.00 1023.00
426104.00 509.00 1023.00
427780.00 508.00 1023.00
429456.00 508.00 1023.00
431136.00 508.00 1023.00
432812.00 508.00 1023.00
434488.00 508.00 1023.00
436164.00 508.00 1023.00
437832.00 508.00 1023.00
439512.00 508.00 1023.00
441188.00 509.00 1023.00
442860.00 508.00 1023.00
444536.00 508.00 1023.00
446212.00 508.00 1023.00
447888.00 508.00 1023.00
449568.00 508.00 1023.00
451244.00 508.00 1023.00
452920.00 508.00 1023.00
454592.00 509.00 1023.00
456264.00 508.00 1023.00
457944.00 509.00 1023.00
459620.00 508.00 1023.00
461292.00 508.00 1023.00
462968.00 508.00 1023.00
464644.00 508.00 1023.00
466320.00 508.00 1023.00
468000.00 508.00 1023.00
469672.00 508.00 1023.00
471352.00 508.00 1023.00
473028.00 508.00 1023.00
474700.00 508.00 1023.00
476376.00 508.00 1023.00
478052.00 508.00 1023.00
479724.00 508.00 1023.00
481400.00 508.00 1023.00
483072.00 508.00 1023.00
484752.00 508.00 1023.00
486432.00 508.00 1023.00
488104.00 508.00 1023.00
489784.00 508.00 1023.00
491460.00 509.00 1023.00
493132.00 508.00 1023.00
494808.00 508.00 1023.00
496480.00 508.00 1023.00
498152.00 508.00 1023.00
499832.00 508.00 1023.00
501508.00 508.00 1023.00
503184.00 509.00 1023.00
504864.00 508.00 1023.00
506540.00 508.00 1023.00
508216.00 508.00 1023.00
509892.00 508.00 1023.00
511564.00 508.00 1023.00
513244.00 508.00 1023.00
514912.00 508.00 1023.00
516584.00 508.00 1023.00
518264.00 508.00 1023.00
519940.00 508.00 1023.00
521616.00 508.00 1023.00
523296.00 508.00 1023.00
524968.00 508.00 1023.00
526648.00 508.00 1023.00
528312.00 509.00 1023.00
529984.00 508.00 1023.00
531664.00 509.00 1023.00
533340.00 508.00 1023.00
535012.00 508.00 1023.00
536688.00 508.00 1023.00
538360.00 508.00 1023.00
540040.00 508.00 1023.00
541720.00 509.00 1023.00
543396.00 508.00 1023.00
545072.00 508.00 1023.00
546748.00 508.00 1023.00
548420.00 508.00 1023.00
550096.00 508.00 1023.00
551772.00 508.00 1023.00
553444.00 508.00 1023.00
555120.00 508.00 1023.00
556796.00 509.00 1023.00
558472.00 508.00 1023.00
560152.00 509.00 1023.00
561828.00 508.00 1023.00
563504.00 509.00 1023.00
565176.00 509.00 1021.00
566852.00 508.00 1023.00
568528.00 508.00 1023.00
570200.00 508.00 1023.00
571876.00 508.00 1023.00
573552.00 509.00 1023.00
575228.00 507.00 1023.00
576904.00 508.00 1023.00
578584.00 508.00 1023.00
580256.00 508.00 1023.00
581936.00 508.00 1023.00
583612.00 508.00 1023.00
585284.00 508.00 1023.00
586960.00 508.00 1023.00
588636.00 508.00 1023.00
590308.00 508.00 1022.00
591984.00 508.00 1023.00
593660.00 508.00 1023.00
595336.00 508.00 1023.00
597016.00 508.00 1023.00
598692.00 508.00 1023.00
600368.00 508.00 1023.00
602044.00 509.00 1021.00
603716.00 508.00 1023.00
605392.00 508.00 1023.00
607068.00 508.00 1023.00
608740.00 508.00 1023.00
610416.00 508.00 1023.00
612092.00 508.00 1023.00
613768.00 508.00 1023.00
615448.00 508.00 1023.00
617120.00 508.00 1023.00
618800.00 508.00 1023.00
620476.00 508.00 1023.00
622148.00 508.00 1023.00
623824.00 508.00 1023.00
625500.00 508.00 1023.00
627172.00 508.00 1023.00
628848.00 508.00 1023.00
630524.00 509.00 1023.00
632200.00 508.00 1023.00
633880.00 508.00 1023.00
635556.00 508.00 1023.00
637232.00 508.00 1023.00
638908.00 508.00 1023.00
640580.00 508.00 1023.00
642256.00 508.00 1023.00
643920.00 508.00 1023.00
645592.00 508.00 1023.00
647272.00 508.00 1023.00
648944.00 508.00 1023.00
650624.00 508.00 1023.00
652304.00 508.00 1023.00
653980.00 508.00 1023.00
655656.00 508.00 1023.00
657328.00 508.00 1023.00
659000.00 508.00 1023.00
660680.00 508.00 1023.00
662352.00 508.00 1023.00
664028.00 508.00 1023.00
665704.00 509.00 1023.00
667368.00 509.00 1023.00
669048.00 508.00 1023.00
670712.00 508.00 1023.00
672396.00 508.00 1023.00
674072.00 508.00 1023.00
675744.00 508.00 1023.00
677420.00 508.00 1023.00
679096.00 508.00 1023.00
680768.00 508.00 1023.00
682440.00 508.00 1023.00
684120.00 508.00 1023.00
685796.00 508.00 1023.00
687472.00 508.00 1023.00
689148.00 508.00 1023.00
690828.00 508.00 1023.00
692504.00 509.00 1023.00
694176.00 508.00 1023.00
695852.00 508.00 1023.00
697528.00 508.00 1023.00
699204.00 508.00 1023.00
700872.00 508.00 1023.00
702552.00 508.00 1023.00
704228.00 508.00 1023.00
705904.00 509.00 1023.00
707580.00 508.00 1023.00
709260.00 508.00 1023.00
710936.00 508.00 1023.00
712612.00 508.00 1023.00
714284.00 508.00 1023.00
715960.00 509.00 1023.00
717636.00 508.00 1023.00
719308.00 509.00 1023.00
720984.00 508.00 1023.00
722656.00 508.00 1022.00
724336.00 508.00 1023.00
726012.00 508.00 1023.00
727692.00 508.00 1023.00
729368.00 508.00 1023.00
731044.00 508.00 1023.00
732716.00 509.00 1023.00
734392.00 509.00 1023.00
736068.00 508.00 1023.00
737736.00 508.00 1023.00
739416.00 508.00 1023.00
741092.00 509.00 1023.00
742768.00 508.00 1023.00
744440.00 508.00 1023.00
746120.00 508.00 1023.00
747800.00 508.00 1023.00
749476.00 508.00 1023.00
751148.00 508.00 1023.00
752824.00 509.00 1023.00
754500.00 508.00 1023.00
756172.00 508.00 1023.00
757848.00 508.00 1023.00
759524.00 508.00 1023.00
761200.00 508.00 1023.00
762876.00 508.00 1023.00
764556.00 508.00 1023.00
766232.00 508.00 1023.00
767908.00 508.00 1023.00
769580.00 508.00 1023.00
771256.00 508.00 1023.00
772928.00 509.00 1023.00
774604.00 508.00 1023.00
776280.00 508.00 1023.00
777956.00 509.00 1022.00
779632.00 508.00 1023.00
781308.00 509.00 1023.00
782988.00 509.00 1023.00
784664.00 508.00 1023.00
786336.00 510.00 1023.00
788012.00 509.00 1023.00
789688.00 508.00 1022.00
791364.00 508.00 1023.00
793036.00 509.00 1023.00
794712.00 508.00 1023.00
796388.00 508.00 1023.00
798064.00 509.00 1023.00
799740.00 508.00 1023.00
801420.00 508.00 1023.00
803096.00 508.00 1023.00
804772.00 508.00 1023.00
806444.00 508.00 1023.00
808120.00 508.00 1023.00
809788.00 509.00 1023.00
811460.00 508.00 1023.00
813136.00 508.00 1023.00
814812.00 508.00 1023.00
816488.00 508.00 1023.00
818164.00 508.00 1023.00
819836.00 508.00 1023.00
821512.00 508.00 1023.00
823184.00 508.00 1023.00
824856.00 507.00 1023.00
826536.00 509.00 1023.00
828200.00 508.00 1023.00
829872.00 508.00 1023.00
831552.00 508.00 1023.00
833228.00 508.00 1023.00
834904.00 508.00 1023.00
836576.00 508.00 1023.00
838248.00 508.00 1023.00
839928.00 508.00 1023.00
841600.00 508.00 1023.00
843272.00 508.00 1023.00
844952.00 509.00 1023.00
846624.00 508.00 1023.00
848296.00 508.00 1023.00
849976.00 508.00 1023.00
851648.00 508.00 1023.00
853328.00 509.00 1023.00
855004.00 508.00 1023.00
856676.00 508.00 1023.00
858352.00 508.00 1023.00
860028.00 508.00 1023.00
861700.00 508.00 1023.00
863376.00 508.00 1023.00
865052.00 508.00 1023.00
866728.00 509.00 1023.00
868408.00 508.00 1023.00
870084.00 508.00 1023.00
871760.00 508.00 1023.00
873432.00 508.00 1023.00
875108.00 507.00 1023.00
876784.00 508.00 1023.00
878460.00 508.00 1023.00
880132.00 508.00 1023.00
881808.00 508.00 1022.00
883484.00 509.00 1023.00
885160.00 508.00 1023.00
886840.00 509.00 1023.00
888516.00 508.00 1023.00
890192.00 508.00 1023.00
891868.00 507.00 1023.00
893540.00 508.00 1023.00
895216.00 508.00 1023.00
896892.00 508.00 1023.00
898560.00 509.00 1023.00
900240.00 508.00 1023.00
901916.00 508.00 1023.00
903592.00 508.00 1023.00
905272.00 508.00 1023.00
906948.00 508.00 1023.00
908624.00 508.00 1023.00
910300.00 508.00 1023.00
911972.00 508.00 1023.00
913648.00 508.00 1023.00
915324.00 509.00 1023.00
916996.00 508.00 1023.00
918672.00 508.00 1023.00
920348.00 508.00 1023.00
922024.00 508.00 1023.00
923704.00 508.00 1023.00
925380.00 509.00 1023.00
927056.00 508.00 1023.00
928732.00 508.00 1023.00
930404.00 508.00 1023.00
932080.00 508.00 1023.00
933752.00 508.00 1023.00
935428.00 508.00 1023.00
937104.00 508.00 1023.00
938780.00 508.00 1023.00
940456.00 508.00 1023.00
942136.00 508.00 1023.00
943812.00 509.00 1023.00
945488.00 508.00 1023.00
947164.00 508.00 1023.00
948836.00 508.00 1022.00
950512.00 508.00 1023.00
952188.00 508.00 1023.00
953860.00 508.00 1023.00
955536.00 508.00 1023.00
957212.00 508.00 1023.00
958888.00 508.00 1023.00
960568.00 508.00 1023.00
962240.00 508.00 1023.00
963920.00 508.00 1023.00
965596.00 509.00 1023.00
967268.00 508.00 1023.00
968944.00 508.00 1023.00
970620.00 508.00 1023.00
972292.00 508.00 1023.00
973968.00 508.00 1023.00
975644.00 508.00 1023.00
977320.00 508.00 1023.00
979000.00 508.00 1023.00
980676.00 508.00 1023.00
982352.00 508.00 1023.00
984028.00 509.00 1023.00
985696.00 508.00 1023.00
987376.00 508.00 1023.00
989052.00 508.00 1023.00
990724.00 509.00 1023.00
992400.00 508.00 1023.00
994072.00 508.00 1023.00
995752.00 509.00 1023.00
997432.00 508.00 1023.00
999108.00 509.00 1023.00
1000784.00 508.00 1023.00
1002508.00 509.00 1023.00
1004220.00 508.00 1023.00
1005940.00 509.00 1023.00
1007660.00 509.00 1023.00
1009376.00 508.00 1023.00
1011092.00 509.00 1023.00
1012812.00 509.00 1023.00
1014524.00 508.00 1023.00
1016244.00 508.00 1023.00
1017964.00 508.00 1023.00
1019680.00 509.00 1023.00
1021396.00 508.00 1023.00
1023116.00 509.00 1023.00
1024832.00 508.00 1023.00
1026548.00 509.00 1023.00
1028268.00 508.00 1023.00
1029980.00 508.00 1023.00
1031692.00 508.00 1023.00
1033412.00 508.00 1023.00
1035124.00 509.00 1023.00
1036836.00 508.00 1023.00
1038556.00 508.00 1023.00
1040268.00 508.00 1023.00
1041980.00 508.00 1023.00
1043700.00 508.00 1023.00
1045412.00 508.00 1023.00
1047124.00 508.00 1023.00
1048844.00 508.00 1023.00
1050556.00 508.00 1023.00
1052268.00 508.00 1023.00
1053988.00 508.00 1023.00
1055700.00 508.00 1023.00
1057412.00 508.00 1023.00
1059132.00 508.00 1023.00
1060844.00 508.00 1023.00
1062556.00 508.00 1023.00
1064276.00 508.00 1023.00
1065996.00 509.00 1023.00
1067708.00 508.00 1023.00
1069428.00 508.00 1023.00
1071148.00 508.00 1023.00
1072860.00 508.00 1023.00
1074580.00 508.00 1023.00
1076300.00 508.00 1023.00
1078012.00 508.00 1023.00
1079732.00 509.00 1023.00
1081452.00 508.00 1023.00
1083164.00 508.00 1023.00
1084884.00 508.00 1023.00
1086604.00 509.00 1023.00
1088316.00 509.00 1023.00
1090028.00 508.00 1023.00
1091748.00 508.00 1023.00
1093460.00 508.00 1023.00
1095172.00 508.00 1023.00
1096892.00 508.00 1023.00
1098604.00 508.00 1023.00
1100316.00 508.00 1023.00
1102036.00 509.00 1023.00
1103752.00 508.00 1023.00
1105464.00 509.00 1023.00
1107180.00 508.00 1023.00
1108896.00 508.00 1023.00
1110604.00 508.00 1023.00
1112324.00 508.00 1023.00
1114036.00 508.00 1023.00
1115748.00 508.00 1023.00
1117468.00 508.00 1023.00
1119180.00 508.00 1023.00
1120896.00 508.00 1023.00
1122612.00 508.00 1023.00
1124324.00 508.00 1023.00
1126036.00 508.00 1023.00
1127756.00 508.00 1023.00
1129468.00 508.00 1023.00
1131188.00 508.00 1023.00
1132908.00 509.00 1023.00
1134628.00 508.00 1023.00
1136340.00 508.00 1023.00
1138060.00 508.00 1023.00
1139780.00 508.00 1023.00
1141492.00 507.00 1023.00
1143212.00 508.00 1023.00
1144932.00 509.00 1023.00
1146648.00 509.00 1023.00
1148364.00 508.00 1023.00
1150084.00 508.00 1023.00
1151796.00 508.00 1023.00
1153512.00 508.00 1023.00
1155228.00 509.00 1023.00
1156940.00 509.00 1023.00
1158652.00 508.00 1023.00
1160372.00 509.00 1023.00
1162084.00 509.00 1023.00
1163796.00 508.00 1023.00
1165516.00 509.00 1023.00
1167228.00 508.00 1023.00
1168940.00 508.00 1023.00
1170660.00 508.00 1023.00
1172372.00 508.00 1023.00
1174088.00 508.00 1023.00
1175804.00 508.00 1023.00
1177520.00 508.00 1023.00
1179232.00 508.00 1023.00
1180948.00 509.00 1023.00
1182660.00 508.00 1023.00
1184376.00 508.00 1023.00
1186092.00 508.00 1023.00
1187804.00 508.00 1023.00
1189520.00 508.00 1023.00
1191236.00 509.00 1023.00
1192948.00 508.00 1023.00
1194664.00 509.00 1023.00
1196380.00 508.00 1023.00
1198100.00 509.00 1023.00
1199812.00 509.00 1023.00
1201532.00 508.00 1023.00
1203252.00 508.00 1023.00
1204964.00 508.00 1023.00
1206684.00 509.00 1023.00
1208404.00 508.00 1023.00
1210116.00 508.00 1023.00
1211836.00 508.00 1023.00
1213556.00 508.00 1023.00
1215272.00 507.00 1023.00
1216984.00 508.00 1023.00
1218700.00 508.00 1023.00
1220412.00 508.00 1023.00
1222128.00 508.00 1023.00
1223844.00 508.00 1023.00
1225556.00 508.00 1023.00
1227272.00 508.00 1023.00
1228988.00 508.00 1023.00
1230700.00 508.00 1023.00
1232412.00 509.00 1023.00
1234132.00 508.00 1023.00
1235844.00 508.00 1023.00
1237556.00 508.00 1023.00
1239276.00 509.00 1023.00
1240988.00 508.00 1023.00
1242700.00 509.00 1023.00
1244420.00 508.00 1023.00
1246132.00 508.00 1023.00
1247844.00 508.00 1023.00
1249564.00 508.00 1023.00
1251276.00 508.00 1023.00
1252988.00 509.00 1023.00
1254708.00 508.00 1023.00
1256420.00 508.00 1023.00
1258132.00 508.00 1023.00
1259852.00 508.00 1023.00
1261564.00 508.00 1023.00
1263288.00 508.00 1023.00
1265004.00 508.00 1023.00
1266724.00 508.00 1023.00
1268440.00 508.00 1023.00
1270156.00 508.00 1023.00
1271876.00 508.00 1023.00
1273592.00 508.00 1023.00
1275308.00 508.00 1023.00
1277028.00 508.00 1023.00
1278744.00 508.00 1023.00
1280460.00 508.00 1023.00
1282176.00 508.00 1023.00
1283892.00 509.00 1023.00
1285604.00 508.00 1023.00
1287324.00 508.00 1023.00
1289036.00 509.00 1023.00
1290748.00 508.00 1023.00
1292468.00 508.00 1023.00
1294180.00 508.00 1023.00
1295892.00 508.00 1023.00
1297612.00 508.00 1023.00
1299324.00 508.00 1023.00
1301036.00 508.00 1023.00
1302756.00 508.00 1023.00
1304468.00 509.00 1023.00
1306180.00 509.00 1023.00
1307900.00 508.00 1022.00
1309616.00 508.00 1023.00
1311324.00 508.00 1023.00
1313044.00 508.00 1023.00
1314756.00 508.00 1023.00
1316468.00 508.00 1023.00
1318188.00 508.00 1023.00
1319900.00 508.00 1023.00
1321612.00 508.00 1023.00
1323332.00 508.00 1023.00
1325044.00 508.00 1023.00
1326756.00 508.00 1023.00
1328476.00 508.00 1023.00
1330196.00 508.00 1023.00
1331908.00 508.00 1023.00
1333628.00 508.00 1023.00
1335348.00 508.00 1023.00
1337060.00 508.00 1023.00
1338780.00 508.00 1023.00
1340500.00 508.00 1023.00
1342212.00 508.00 1023.00
1343932.00 508.00 1023.00
1345652.00 509.00 1023.00
1347364.00 508.00 1023.00
1349076.00 508.00 1023.00
1350796.00 509.00 1023.00
1352508.00 508.00 1023.00
1354220.00 508.00 1023.00
1355940.00 507.00 1023.00
1357652.00 509.00 1023.00
1359364.00 509.00 1023.00
1361084.00 508.00 1023.00
1362796.00 508.00 1023.00
1364508.00 508.00 1023.00
1366228.00 508.00 1023.00
1367940.00 509.00 1023.00
1369652.00 508.00 1023.00
1371372.00 508.00 1023.00
1373084.00 509.00 1023.00
1374796.00 508.00 1023.00
1376516.00 508.00 1023.00
1378228.00 508.00 1023.00
1379940.00 508.00 1023.00
1381660.00 508.00 1023.00
1383372.00 508.00 1023.00
1385084.00 509.00 1023.00
1386804.00 509.00 1023.00
1388516.00 508.00 1023.00
1390228.00 509.00 1023.00
1391948.00 508.00 1023.00
1393668.00 508.00 1023.00
1395380.00 508.00 1023.00
1397100.00 508.00 1023.00
1398820.00 508.00 1023.00
1400532.00 509.00 1023.00
1402252.00 508.00 1023.00
1403972.00 508.00 1023.00
1405688.00 508.00 1023.00
1407404.00 509.00 1023.00
1409124.00 508.00 1023.00
1410836.00 508.00 1023.00
1412556.00 509.00 1023.00
1414276.00 508.00 1023.00
1415988.00 508.00 1023.00
1417704.00 508.00 1023.00
1419420.00 508.00 1023.00
1421132.00 509.00 1023.00
1422844.00 508.00 1023.00
1424564.00 508.00 1023.00
1426276.00 509.00 1023.00
1427988.00 508.00 1023.00
1429708.00 508.00 1023.00
1431424.00 508.00 1023.00
1433136.00 508.00 1023.00
1434852.00 508.00 1023.00
1436564.00 509.00 1023.00
1438276.00 508.00 1023.00
1439996.00 508.00 1023.00
1441712.00 508.00 1023.00
1443420.00 508.00 1023.00
1445140.00 508.00 1023.00
1446852.00 508.00 1023.00
1448564.00 508.00 1022.00
1450284.00 508.00 1023.00
1451996.00 508.00 1023.00
1453712.00 509.00 1023.00
1455428.00 508.00 1023.00
1457140.00 508.00 1023.00
1458852.00 508.00 1023.00
1460572.00 509.00 1023.00
1462292.00 509.00 1023.00
1464004.00 508.00 1023.00
1465724.00 508.00 1023.00
1467444.00 508.00 1023.00
1469156.00 508.00 1023.00
1470876.00 508.00 1023.00
1472596.00 508.00 1023.00
1474308.00 509.00 1023.00
1476028.00 508.00 1023.00
1477748.00 508.00 1023.00
1479460.00 509.00 1023.00
1481172.00 508.00 1023.00
1482892.00 508.00 1023.00
1484604.00 508.00 1023.00
1486320.00 508.00 1023.00
1488036.00 508.00 1023.00
1489748.00 509.00 1023.00
1491460.00 508.00 1023.00
1493180.00 509.00 1023.00
1494896.00 508.00 1023.00
1496604.00 508.00 1023.00
1498324.00 508.00 1023.00
1500036.00 508.00 1023.00
1501752.00 508.00 1023.00
1503468.00 508.00 1023.00
1505184.00 508.00 1023.00
1506896.00 508.00 1023.00
1508612.00 508.00 1023.00
1510328.00 508.00 1023.00
1512040.00 508.00 1023.00
1513756.00 508.00 1023.00
1515472.00 508.00 1023.00
1517184.00 508.00 1022.00
1518900.00 509.00 1023.00
1520616.00 508.00 1023.00
1522328.00 508.00 1023.00
1524044.00 508.00 1023.00
1525756.00 508.00 1023.00
1527480.00 508.00 1023.00
1529196.00 508.00 1023.00
1530916.00 508.00 1023.00
1532632.00 510.00 1023.00
1534348.00 508.00 1023.00
1536068.00 508.00 1023.00
1537780.00 508.00 1023.00
1539500.00 508.00 1023.00
1541220.00 508.00 1023.00
1542932.00 508.00 1023.00
1544652.00 508.00 1023.00
1546372.00 509.00 1023.00
1548084.00 508.00 1023.00
1549796.00 508.00 1023.00
1551516.00 508.00 1023.00
1553232.00 508.00 1023.00
1554944.00 509.00 1023.00
1556660.00 508.00 1023.00
1558372.00 508.00 1023.00
1560088.00 509.00 1023.00
1561804.00 508.00 1023.00
1563516.00 509.00 1023.00
1565232.00 508.00 1022.00
1566948.00 508.00 1023.00
1568660.00 508.00 1023.00
1570372.00 508.00 1023.00
1572092.00 509.00 1023.00
1573804.00 509.00 1023.00
1575520.00 508.00 1023.00
1577236.00 508.00 1023.00
1578952.00 509.00 1023.00
1580664.00 508.00 1023.00
1582380.00 509.00 1023.00
1584096.00 509.00 1023.00
1585804.00 509.00 1023.00
1587524.00 508.00 1023.00
1589236.00 508.00 1023.00
1590952.00 508.00 1023.00
1592668.00 508.00 1023.00
1594388.00 508.00 1023.00
1596104.00 508.00 1023.00
1597820.00 508.00 1023.00
1599540.00 509.00 1023.00
1601256.00 508.00 1023.00
1602972.00 508.00 1023.00
1604692.00 508.00 1023.00
1606404.00 508.00 1023.00
1608124.00 509.00 1023.00
1609844.00 508.00 1023.00
1611556.00 508.00 1023.00
1613268.00 509.00 1022.00
1614988.00 508.00 1023.00
1616700.00 508.00 1023.00
1618412.00 508.00 1023.00
1620132.00 508.00 1023.00
1621844.00 508.00 1023.00
1623556.00 509.00 1023.00
1625276.00 508.00 1023.00
1626992.00 508.00 1023.00
1628704.00 508.00 1023.00
1630420.00 508.00 1023.00
1632136.00 509.00 1023.00
1633844.00 508.00 1023.00
1635564.00 508.00 1023.00
1637280.00 508.00 1023.00
1638992.00 508.00 1023.00
1640708.00 508.00 1023.00
1642420.00 508.00 1023.00
1644132.00 508.00 1023.00
1645852.00 508.00 1023.00
1647564.00 508.00 1023.00
1649276.00 508.00 1023.00
1650996.00 508.00 1023.00
1652708.00 509.00 1023.00
1654420.00 508.00 1023.00
1656140.00 508.00 1023.00
1657852.00 509.00 1023.00
1659572.00 508.00 1023.00
1661292.00 507.00 1023.00
1663012.00 509.00 1023.00
1664728.00 508.00 1023.00
1666440.00 509.00 1023.00
1668164.00 508.00 1023.00
1669876.00 508.00 1023.00
1671596.00 508.00 1023.00
1673316.00 509.00 1023.00
1675028.00 508.00 1023.00
1676748.00 508.00 1023.00
1678468.00 509.00 1023.00
1680180.00 508.00 1023.00
1681892.00 508.00 1023.00
1683612.00 508.00 1023.00
1685324.00 509.00 1023.00
1687036.00 508.00 1023.00
1688756.00 508.00 1023.00
1690468.00 508.00 1023.00
1692180.00 508.00 1023.00
1693900.00 509.00 1023.00
1695612.00 508.00 1023.00
1697324.00 508.00 1023.00
1699044.00 509.00 1023.00
1700756.00 507.00 1023.00
1702468.00 509.00 1023.00
1704188.00 508.00 1023.00
1705900.00 509.00 1023.00
1707612.00 508.00 1023.00
1709332.00 508.00 1023.00
1711044.00 508.00 1023.00
1712756.00 508.00 1023.00
1714476.00 508.00 1023.00
1716192.00 508.00 1023.00
1717900.00 508.00 1023.00
1719620.00 509.00 1023.00
1721336.00 508.00 1023.00
1723044.00 508.00 1023.00
1724764.00 508.00 1023.00
1726484.00 508.00 1023.00
1728196.00 508.00 1023.00
1729916.00 508.00 1023.00
1731636.00 508.00 1023.00
1733348.00 508.00 1023.00
1735068.00 508.00 1023.00
1736788.00 508.00 1023.00
1738500.00 509.00 1023.00
1740220.00 508.00 1023.00
1741940.00 508.00 1023.00
1743652.00 508.00 1022.00
1745364.00 508.00 1023.00
1747084.00 508.00 1023.00
1748796.00 508.00 1023.00
1750512.00 508.00 1023.00
1752228.00 508.00 1023.00
1753940.00 508.00 1023.00
1755652.00 508.00 1023.00
1757372.00 509.00 1023.00
1759088.00 508.00 1023.00
1760800.00 509.00 1023.00
1762516.00 508.00 1023.00
1764228.00 508.00 1023.00
1765940.00 508.00 1023.00
1767660.00 508.00 1023.00
1769372.00 508.00 1023.00
1771084.00 508.00 1023.00
1772804.00 509.00 1023.00
1774516.00 509.00 1023.00
1776228.00 509.00 1023.00
1777948.00 508.00 1023.00
1779660.00 508.00 1023.00
1781372.00 508.00 1023.00
1783092.00 508.00 1023.00
1784804.00 508.00 1023.00
1786516.00 508.00 1023.00
1788236.00 508.00 1023.00
1789952.00 508.00 1023.00
1791672.00 508.00 1023.00
1793392.00 509.00 1023.00
1795108.00 508.00 1023.00
1796824.00 508.00 1023.00
1798540.00 508.00 1023.00
1800260.00 508.00 1023.00
1801972.00 508.00 1023.00
1803692.00 508.00 1023.00
1805412.00 508.00 1023.00
1807124.00 509.00 1023.00
1808844.00 508.00 1023.00
1810564.00 508.00 1023.00
1812276.00 508.00 1023.00
1813988.00 508.00 1023.00
1815708.00 508.00 1023.00
1817420.00 508.00 1023.00
1819136.00 508.00 1023.00
1820852.00 508.00 1022.00
1822564.00 508.00 1023.00
1824280.00 508.00 1023.00
1825996.00 509.00 1023.00
1827708.00 508.00 1023.00
1829424.00 508.00 1023.00
1831140.00 508.00 1023.00
1832856.00 508.00 1023.00
1834568.00 508.00 1023.00
1836284.00 508.00 1023.00
1838000.00 508.00 1023.00
1839712.00 509.00 1023.00
1841428.00 508.00 1023.00
1843144.00 508.00 1023.00
1844856.00 508.00 1023.00
1846572.00 508.00 1023.00
1848284.00 509.00 1023.00
1849996.00 508.00 1023.00
1851716.00 508.00 1023.00
1853432.00 509.00 1023.00
1855144.00 508.00 1023.00
1856860.00 508.00 1023.00
1858580.00 508.00 1023.00
1860292.00 508.00 1023.00
1862012.00 508.00 1023.00
1863732.00 509.00 1023.00
1865444.00 508.00 1023.00
1867164.00 509.00 1023.00
1868884.00 508.00 1023.00
1870596.00 508.00 1023.00
1872316.00 508.00 1023.00
1874036.00 508.00 1023.00
1875748.00 508.00 1023.00
1877464.00 509.00 1023.00
1879180.00 509.00 1023.00
1880896.00 508.00 1023.00
1882608.00 508.00 1023.00
1884324.00 508.00 1023.00
1886036.00 508.00 1023.00
1887752.00 508.00 1023.00
1889468.00 508.00 1023.00
1891180.00 508.00 1023.00
1892896.00 509.00 1023.00
1894612.00 508.00 1023.00
1896324.00 508.00 1023.00
1898036.00 508.00 1023.00
1899756.00 508.00 1023.00
1901472.00 508.00 1023.00
1903184.00 509.00 1022.00
1904900.00 508.00 1023.00
1906612.00 509.00 1023.00
1908328.00 508.00 1023.00
1910044.00 508.00 1023.00
1911760.00 508.00 1023.00
1913472.00 507.00 1023.00
1915188.00 508.00 1023.00
1916904.00 509.00 1023.00
1918616.00 508.00 1023.00
1920332.00 509.00 1022.00
1922044.00 508.00 1023.00
1923764.00 509.00 1023.00
1925484.00 508.00 1023.00
1927204.00 508.00 1023.00
1928916.00 508.00 1023.00
1930636.00 509.00 1023.00
1932356.00 508.00 1023.00
1934072.00 508.00 1023.00
1935788.00 508.00 1023.00
1937508.00 509.00 1023.00
1939224.00 509.00 1023.00
1940940.00 509.00 1023.00
1942660.00 508.00 1023.00
1944376.00 508.00 1023.00
1946088.00 509.00 1023.00
1947804.00 508.00 1023.00
1949516.00 508.00 1023.00
1951232.00 508.00 1023.00
1952948.00 508.00 1023.00
1954664.00 508.00 1023.00
1956372.00 509.00 1023.00
1958092.00 508.00 1023.00
1959808.00 509.00 1023.00
1961520.00 508.00 1023.00
1963236.00 508.00 1023.00
1964952.00 508.00 1023.00
1966664.00 508.00 1023.00
1968380.00 508.00 1023.00
1970092.00 509.00 1023.00
1971804.00 508.00 1023.00
1973524.00 509.00 1023.00
1975236.00 508.00 1023.00
1976948.00 508.00 1023.00
1978668.00 508.00 1023.00
1980380.00 508.00 1023.00
1982096.00 508.00 1023.00
1983812.00 507.00 1023.00
1985528.00 508.00 1023.00
1987236.00 508.00 1023.00
1988956.00 508.00 1023.00
1990676.00 509.00 1023.00
1992388.00 509.00 1023.00
1994108.00 508.00 1023.00
1995828.00 508.00 1023.00
1997544.00 508.00 1023.00
1999260.00 509.00 1023.00
2000980.00 509.00 1023.00
2002692.00 508.00 1023.00
2004412.00 508.00 1023.00
2006132.00 509.00 1023.00
2007848.00 508.00 1023.00
2009556.00 508.00 1023.00
2011276.00 508.00 1023.00
2012988.00 509.00 1023.00
2014700.00 508.00 1022.00
2016420.00 508.00 1023.00
2018132.00 509.00 1023.00
2019844.00 508.00 1023.00
2021564.00 508.00 1023.00
2023280.00 509.00 1023.00
2024988.00 508.00 1022.00
2026708.00 509.00 1023.00
2028424.00 508.00 1023.00
2030132.00 508.00 1023.00
2031852.00 508.00 1023.00
2033568.00 508.00 1023.00
2035280.00 509.00 1023.00
2036996.00 509.00 1023.00
2038712.00 509.00 1023.00
2040424.00 508.00 1023.00
2042140.00 508.00 1023.00
2043856.00 508.00 1023.00
2045568.00 508.00 1023.00
2047284.00 508.00 1023.00
2049000.00 508.00 1023.00
2050708.00 508.00 1023.00
2052428.00 508.00 1023.00
2054140.00 508.00 1023.00
2055860.00 508.00 1023.00
2057580.00 509.00 1023.00
2059300.00 508.00 1023.00
2061012.00 508.00 1023.00
2062732.00 507.00 1023.00
2064452.00 508.00 1023.00
2066164.00 509.00 1023.00
2067884.00 509.00 1023.00
2069604.00 508.00 1023.00
2071316.00 508.00 1023.00
2073036.00 508.00 1023.00
2074756.00 508.00 1023.00
2076468.00 508.00 1023.00
2078180.00 509.00 1023.00
2079900.00 509.00 1023.00
2081616.00 508.00 1023.00
2083324.00 508.00 1023.00
2085044.00 508.00 1023.00
2086756.00 508.00 1023.00
2088468.00 509.00 1023.00
2090188.00 509.00 1023.00
2091900.00 509.00 1023.00
2093612.00 509.00 1023.00
2095332.00 509.00 1023.00
2097044.00 508.00 1023.00
2098756.00 508.00 1023.00
2100476.00 507.00 1023.00
2102188.00 507.00 1023.00
2103900.00 508.00 1023.00
2105620.00 508.00 1023.00
2107332.00 508.00 1023.00
2109044.00 508.00 1023.00
2110764.00 508.00 1023.00
2112476.00 509.00 1023.00
2114188.00 508.00 1023.00
2115908.00 508.00 1023.00
2117620.00 508.00 1023.00
2119332.00 509.00 1023.00
2121052.00 508.00 1023.00
2122772.00 508.00 1023.00
2124484.00 507.00 1023.00
2126204.00 508.00 1023.00
2127924.00 509.00 1023.00
2129640.00 509.00 1023.00
2131356.00 508.00 1023.00
2133076.00 509.00 1022.00
2134788.00 508.00 1023.00
2136508.00 508.00 1023.00
2138228.00 508.00 1023.00
2139940.00 508.00 1023.00
2141656.00 508.00 1023.00
2143372.00 508.00 1023.00
2145084.00 509.00 1023.00
2146796.00 508.00 1023.00
2148516.00 508.00 1023.00
2150228.00 508.00 1023.00
2151944.00 508.00 1023.00
2153660.00 508.00 1023.00
2155372.00 508.00 1023.00
2157084.00 509.00 1023.00
2158804.00 508.00 1023.00
2160516.00 508.00 1023.00
2162228.00 508.00 1023.00
2163948.00 509.00 1023.00
2165660.00 508.00 1023.00
2167372.00 508.00 1023.00
2169092.00 508.00 1023.00
2170804.00 508.00 1023.00
2172520.00 509.00 1023.00
2174236.00 508.00 1023.00
2175952.00 508.00 1023.00
2177664.00 508.00 1023.00
2179380.00 509.00 1023.00
2181092.00 508.00 1023.00
2182804.00 509.00 1023.00
2184524.00 508.00 1023.00
2186236.00 509.00 1023.00
2187960.00 508.00 1023.00
2189676.00 508.00 1023.00
2191396.00 508.00 1023.00
2193108.00 508.00 1023.00
2194828.00 509.00 1020.00
2196548.00 508.00 1023.00
2198260.00 508.00 1023.00
2199980.00 509.00 1023.00
2201700.00 508.00 1023.00
2203412.00 508.00 1023.00
2205132.00 508.00 1023.00
2206852.00 508.00 1023.00
2208564.00 508.00 1023.00
2210276.00 508.00 1023.00
2211996.00 509.00 1023.00
2213708.00 509.00 1023.00
2215420.00 509.00 1023.00
2217140.00 509.00 1023.00
2218852.00 508.00 1023.00
2220568.00 508.00 1023.00
2222284.00 508.00 1023.00
2223996.00 508.00 1023.00
2225712.00 508.00 1023.00
2227428.00 508.00 1023.00
2229140.00 508.00 1023.00
2230852.00 508.00 1023.00
2232572.00 508.00 1023.00
2234288.00 508.00 1023.00
2235996.00 508.00 1023.00
2237716.00 508.00 1023.00
2239432.00 509.00 1023.00
2241144.00 508.00 1023.00
2242860.00 508.00 1023.00
2244572.00 508.00 1023.00
2246284.00 508.00 1023.00
2248004.00 509.00 1023.00
2249716.00 508.00 1023.00
2251428.00 508.00 1023.00
2253148.00 509.00 1023.00
2254868.00 508.00 1022.00
2256580.00 508.00 1023.00
2258300.00 508.00 1023.00
2260020.00 508.00 1023.00
2261732.00 508.00 1023.00
2263452.00 508.00 1023.00
2265172.00 508.00 1023.00
2266888.00 508.00 1023.00
2268604.00 508.00 1023.00
2270324.00 508.00 1023.00
2272040.00 508.00 1023.00
2273748.00 508.00 1023.00
2275468.00 508.00 1023.00
2277180.00 508.00 1023.00
2278896.00 508.00 1023.00
2280612.00 508.00 1023.00
2282328.00 508.00 1023.00
2284036.00 508.00 1023.00
2285756.00 508.00 1023.00
2287472.00 508.00 1023.00
2289184.00 509.00 1023.00
2290900.00 508.00 1023.00
2292616.00 509.00 1023.00
2294328.00 509.00 1023.00
2296044.00 507.00 1023.00
2297756.00 508.00 1023.00
2299468.00 509.00 1023.00
2301188.00 508.00 1023.00
2302904.00 509.00 1023.00
2304616.00 508.00 1023.00
2306332.00 509.00 1023.00
2308044.00 508.00 1023.00
2309756.00 508.00 1023.00
2311476.00 508.00 1023.00
2313188.00 509.00 1023.00
2314904.00 508.00 1023.00
2316620.00 508.00 1023.00
2318336.00 508.00 1023.00
2320056.00 508.00 1023.00
2321772.00 509.00 1023.00
2323492.00 508.00 1023.00
2325204.00 509.00 1023.00
2326924.00 508.00 1023.00
2328644.00 508.00 1023.00
2330356.00 508.00 1023.00
2332076.00 508.00 1023.00
2333796.00 509.00 1023.00
2335512.00 508.00 1023.00
2337228.00 508.00 1023.00
2338948.00 508.00 1023.00
2340660.00 508.00 1023.00
2342372.00 508.00 1023.00
2344092.00 508.00 1023.00
2345804.00 508.00 1023.00
2347516.00 508.00 1023.00
2349236.00 508.00 1023.00
2350952.00 508.00 1022.00
2352664.00 508.00 1023.00
2354380.00 508.00 1023.00
2356096.00 508.00 1023.00
2357804.00 508.00 1023.00
2359524.00 509.00 1023.00
2361240.00 508.00 1023.00
2362952.00 509.00 1023.00
2364668.00 508.00 1023.00
2366384.00 508.00 1023.00
2368096.00 508.00 1023.00
2369812.00 508.00 1023.00
2371524.00 508.00 1023.00
2373236.00 509.00 1023.00
2374956.00 508.00 1023.00
2376672.00 508.00 1023.00
2378380.00 509.00 1023.00
2380100.00 508.00 1023.00
2381816.00 508.00 1023.00
2383524.00 509.00 1023.00
2385244.00 509.00 1023.00
2386964.00 508.00 1023.00
2388680.00 508.00 1023.00
2390396.00 508.00 1023.00
2392116.00 508.00 1023.00
2393832.00 508.00 1023.00
2395548.00 508.00 1023.00
2397268.00 508.00 1023.00
2398984.00 508.00 1023.00
2400700.00 508.00 1023.00
2402420.00 508.00 1023.00
2404132.00 508.00 1023.00
2405844.00 508.00 1023.00
2407564.00 508.00 1023.00
2409276.00 509.00 1023.00
2410988.00 509.00 1023.00
2412708.00 508.00 1023.00
2414424.00 508.00 1023.00
2416132.00 508.00 1023.00
2417852.00 508.00 1023.00
2419564.00 509.00 1023.00
2421276.00 508.00 1023.00
2422996.00 508.00 1023.00
2424712.00 508.00 1023.00
2426424.00 509.00 1023.00
2428140.00 509.00 1023.00
2429856.00 508.00 1023.00
2431568.00 508.00 1023.00
2433284.00 508.00 1023.00
2434996.00 509.00 1023.00
2436712.00 508.00 1023.00
2438428.00 508.00 1023.00
2440140.00 509.00 1023.00
2441852.00 508.00 1023.00
2443572.00 508.00 1023.00
2445288.00 508.00 1023.00
2446996.00 508.00 1023.00
2448716.00 509.00 1023.00
2450432.00 508.00 1023.00
2452152.00 509.00 1023.00
2453868.00 508.00 1023.00
2455588.00 508.00 1023.00
2457304.00 508.00 1023.00
2459020.00 508.00 1023.00
2460740.00 508.00 1023.00
2462452.00 508.00 1023.00
2464172.00 508.00 1023.00
2465892.00 508.00 1023.00
2467604.00 508.00 1023.00
2469324.00 508.00 1023.00
2471044.00 508.00 1023.00
2472756.00 508.00 1023.00
2474472.00 508.00 1023.00
2476188.00 508.00 1023.00
2477900.00 508.00 1023.00
2479616.00 509.00 1023.00
2481332.00 508.00 1023.00
2483044.00 508.00 1023.00
2484760.00 508.00 1023.00
2486476.00 508.00 1023.00
2488188.00 509.00 1023.00
2489900.00 509.00 1023.00
2491620.00 508.00 1023.00
2493336.00 508.00 1023.00
2495048.00 508.00 1023.00
2496764.00 508.00 1023.00
2498476.00 508.00 1023.00
2500192.00 508.00 1023.00
2501908.00 509.00 1023.00
2503624.00 508.00 1023.00
2505336.00 508.00 1023.00
2507052.00 509.00 1023.00
2508768.00 508.00 1023.00
2510480.00 508.00 1023.00
2512196.00 508.00 1023.00
2513908.00 508.00 1023.00
2515624.00 509.00 1023.00
2517340.00 508.00 1023.00
2519060.00 509.00 1023.00
2520776.00 509.00 1023.00
2522492.00 508.00 1023.00
2524212.00 508.00 1023.00
2525924.00 508.00 1023.00
2527644.00 508.00 1023.00
2529364.00 508.00 1023.00
2531076.00 508.00 1023.00
2532796.00 509.00 1023.00
2534516.00 508.00 1023.00
2536232.00 508.00 1022.00
2537944.00 508.00 1023.00
2539660.00 508.00 1023.00
2541372.00 507.00 1023.00
2543088.00 509.00 1023.00
2544804.00 508.00 1023.00
2546516.00 509.00 1023.00
2548232.00 508.00 1023.00
2549948.00 509.00 1023.00
2551664.00 509.00 1023.00
2553376.00 508.00 1023.00
2555092.00 509.00 1023.00
2556808.00 508.00 1023.00
2558520.00 508.00 1023.00
2560236.00 508.00 1023.00
2561948.00 508.00 1023.00
2563660.00 508.00 1023.00
2565380.00 508.00 1023.00
2567092.00 508.00 1023.00
2568804.00 508.00 1023.00
2570524.00 509.00 1023.00
2572236.00 508.00 1023.00
2573948.00 508.00 1023.00
2575668.00 508.00 1023.00
2577380.00 508.00 1023.00
2579092.00 509.00 1023.00
2580812.00 507.00 1023.00
2582524.00 508.00 1023.00
2584244.00 508.00 1023.00
2585964.00 508.00 1023.00
2587684.00 508.00 1023.00
2589396.00 508.00 1023.00
2591116.00 508.00 1023.00
2592836.00 508.00 1023.00
2594548.00 508.00 1023.00
2596268.00 508.00 1023.00
2597988.00 508.00 1023.00
2599704.00 510.00 1023.00
2601420.00 508.00 1023.00
2603140.00 508.00 1023.00
2604856.00 509.00 1023.00
2606564.00 509.00 1023.00
2608284.00 508.00 1023.00
2609996.00 508.00 1023.00
2611708.00 508.00 1023.00
2613428.00 508.00 1023.00
2615144.00 508.00 1023.00
2616856.00 509.00 1023.00
2618572.00 508.00 1023.00
2620284.00 508.00 1023.00
2622000.00 508.00 1023.00
2623716.00 508.00 1023.00
2625428.00 509.00 1023.00
2627140.00 508.00 1023.00
2628860.00 509.00 1023.00
2630572.00 509.00 1023.00
2632284.00 508.00 1023.00
2634004.00 508.00 1023.00
2635716.00 508.00 1023.00
2637428.00 508.00 1023.00
2639148.00 508.00 1023.00
2640860.00 508.00 1023.00
2642572.00 508.00 1023.00
2644292.00 508.00 1022.00
2646004.00 508.00 1023.00
2647716.00 508.00 1023.00
2649436.00 508.00 1023.00
2651156.00 508.00 1023.00
2652868.00 509.00 1023.00
2654588.00 508.00 1023.00
2656308.00 508.00 1023.00
2658020.00 508.00 1023.00
2659740.00 508.00 1023.00
2661460.00 508.00 1022.00
2663172.00 508.00 1023.00
2664892.00 508.00 1023.00
2666612.00 508.00 1023.00
2668324.00 508.00 1023.00
2670036.00 508.00 1023.00
2671756.00 508.00 1023.00
2673468.00 509.00 1023.00
2675180.00 508.00 1023.00
2676900.00 508.00 1023.00
2678612.00 508.00 1023.00
2680324.00 508.00 1023.00
2682044.00 508.00 1023.00
2683756.00 508.00 1023.00
2685468.00 508.00 1023.00
2687188.00 508.00 1023.00
2688904.00 508.00 1023.00
2690612.00 509.00 1023.00
2692332.00 508.00 1023.00
2694044.00 508.00 1023.00
2695756.00 508.00 1023.00
2697476.00 508.00 1023.00
2699188.00 508.00 1023.00
2700904.00 508.00 1023.00
2702620.00 508.00 1023.00
2704336.00 508.00 1023.00
2706044.00 509.00 1023.00
2707764.00 508.00 1023.00
2709476.00 508.00 1023.00
2711188.00 508.00 1023.00
2712908.00 508.00 1023.00
2714624.00 508.00 1023.00
2716340.00 508.00 1023.00
2718060.00 508.00 1023.00
2719780.00 508.00 1023.00
2721496.00 508.00 1023.00
2723212.00 508.00 1023.00
2724932.00 508.00 1023.00
2726644.00 508.00 1023.00
2728364.00 508.00 1023.00
2730084.00 508.00 1023.00
2731796.00 509.00 1023.00
2733516.00 508.00 1023.00
2735236.00 508.00 1023.00
2736948.00 508.00 1023.00
2738660.00 509.00 1023.00
2740380.00 508.00 1023.00
2742092.00 508.00 1023.00
2743804.00 509.00 1023.00
2745524.00 508.00 1023.00
2747236.00 508.00 1023.00
2748948.00 508.00 1023.00
2750668.00 508.00 1023.00
2752384.00 508.00 1023.00
2754092.00 508.00 1023.00
2755812.00 509.00 1023.00
2757528.00 508.00 1023.00
2759236.00 509.00 1023.00
2760956.00 508.00 1023.00
2762672.00 508.00 1023.00
2764384.00 508.00 1023.00
2766100.00 508.00 1023.00
2767812.00 508.00 1023.00
2769524.00 508.00 1023.00
2771244.00 508.00 1023.00
2772956.00 509.00 1023.00
2774672.00 508.00 1023.00
2776388.00 508.00 1023.00
2778100.00 508.00 1023.00
2779812.00 508.00 1023.00
2781532.00 509.00 1023.00
2783252.00 508.00 1023.00
2784968.00 508.00 1023.00
2786684.00 509.00 1023.00
2788404.00 508.00 1023.00
2790116.00 508.00 1022.00
2791836.00 508.00 1023.00
2793556.00 508.00 1023.00
2795272.00 508.00 1023.00
2796988.00 508.00 1023.00
2798708.00 508.00 1023.00
2800424.00 508.00 1023.00
2802132.00 508.00 1023.00
2803852.00 508.00 1023.00
2805564.00 509.00 1023.00
2807280.00 509.00 1023.00
2808996.00 508.00 1023.00
2810708.00 508.00 1023.00
2812424.00 508.00 1023.00
2814140.00 508.00 1023.00
2815856.00 508.00 1023.00
2817568.00 508.00 1023.00
2819284.00 508.00 1023.00
2820996.00 509.00 1023.00
2822708.00 508.00 1023.00
2824428.00 509.00 1023.00
2826140.00 508.00 1023.00
2827856.00 508.00 1023.00
2829572.00 508.00 1023.00
2831284.00 508.00 1023.00
2832996.00 508.00 1023.00
2834716.00 508.00 1023.00
2836432.00 508.00 1023.00
2838144.00 508.00 1023.00
2839860.00 509.00 1023.00
2841576.00 508.00 1023.00
2843288.00 508.00 1023.00
2845004.00 509.00 1023.00
2846716.00 508.00 1023.00
2848440.00 508.00 1023.00
2850156.00 509.00 1023.00
2851876.00 508.00 1023.00
2853588.00 509.00 1023.00
2855308.00 508.00 1023.00
2857028.00 509.00 1023.00
2858740.00 508.00 1023.00
2860460.00 508.00 1023.00
2862180.00 508.00 1023.00
2863896.00 508.00 1023.00
2865612.00 509.00 1023.00
2867332.00 508.00 1023.00
2869044.00 508.00 1023.00
2870756.00 510.00 1023.00
2872476.00 508.00 1023.00
2874188.00 508.00 1023.00
2875900.00 508.00 1023.00
2877620.00 508.00 1023.00
2879332.00 508.00 1023.00
2881048.00 508.00 1023.00
2882764.00 508.00 1023.00
2884476.00 508.00 1023.00
2886188.00 508.00 1023.00
2887908.00 508.00 1023.00
2889620.00 509.00 1023.00
2891332.00 509.00 1023.00
2893052.00 509.00 1023.00
2894764.00 508.00 1023.00
2896476.00 508.00 1023.00
2898196.00 508.00 1023.00
2899908.00 508.00 1023.00
2901620.00 509.00 1023.00
2903340.00 508.00 1023.00
2905056.00 508.00 1023.00
2906768.00 509.00 1023.00
2908484.00 508.00 1023.00
2910196.00 509.00 1023.00
2911912.00 509.00 1023.00
2913628.00 508.00 1023.00
2915348.00 508.00 1023.00
2917064.00 508.00 1023.00
2918780.00 508.00 1023.00
2920500.00 509.00 1023.00
2922212.00 508.00 1023.00
2923932.00 508.00 1023.00
2925652.00 508.00 1023.00
2927364.00 508.00 1023.00
2929084.00 508.00 1023.00
2930804.00 508.00 1023.00
2932520.00 509.00 1023.00
2934228.00 508.00 1023.00
2935948.00 509.00 1023.00
2937664.00 508.00 1023.00
2939372.00 508.00 1023.00
2941092.00 508.00 1023.00
2942808.00 508.00 1023.00
2944520.00 508.00 1023.00
2946236.00 509.00 1023.00
2947952.00 508.00 1023.00
2949664.00 508.00 1023.00
2951380.00 508.00 1023.00
2953092.00 508.00 1023.00
2954804.00 509.00 1023.00
2956524.00 508.00 1023.00
2958240.00 507.00 1023.00
2959948.00 509.00 1023.00
2961668.00 508.00 1023.00
2963380.00 509.00 1023.00
2965092.00 508.00 1023.00
2966812.00 508.00 1023.00
2968524.00 509.00 1023.00
2970236.00 508.00 1023.00
2971956.00 508.00 1023.00
2973672.00 508.00 1023.00
2975380.00 508.00 1023.00
2977100.00 508.00 1023.00
2978812.00 509.00 1023.00
2980532.00 508.00 1023.00
2982252.00 508.00 1023.00
2983972.00 508.00 1023.00
2985688.00 508.00 1023.00
2987404.00 508.00 1022.00
2989124.00 508.00 1023.00
2990840.00 508.00 1023.00
2992556.00 509.00 1023.00
2994276.00 509.00 1023.00
2995992.00 509.00 1023.00
2997708.00 508.00 1023.00
2999428.00 509.00 1023.00
3001144.00 508.00 1023.00
3002856.00 508.00 1023.00
3004584.00 509.00 1023.00
3006308.00 508.00 1023.00
3008028.00 507.00 1023.00
3009752.00 509.00 1023.00
3011464.00 508.00 1023.00
3013184.00 509.00 1023.00
3014912.00 508.00 1023.00
3016628.00 509.00 1023.00
3018348.00 508.00 1023.00
3020072.00 508.00 1023.00
3021796.00 509.00 1023.00
3023512.00 508.00 1023.00
3025240.00 509.00 1023.00
3026968.00 509.00 1023.00
3028692.00 508.00 1023.00
3030416.00 508.00 1023.00
3032144.00 508.00 1023.00
3033868.00 508.00 1023.00
3035592.00 508.00 1023.00
3037312.00 508.00 1023.00
3039036.00 508.00 1023.00
3040756.00 508.00 1022.00
3042480.00 508.00 1023.00
3044192.00 508.00 1023.00
3045912.00 508.00 1023.00
3047640.00 507.00 1023.00
3049364.00 508.00 1023.00
3051080.00 508.00 1023.00
3052808.00 509.00 1023.00
3054528.00 508.00 1023.00
3056252.00 508.00 1023.00
3057976.00 508.00 1023.00
3059700.00 508.00 1023.00
3061420.00 508.00 1023.00
3063144.00 508.00 1023.00
3064872.00 508.00 1023.00
3066596.00 509.00 1023.00
3068320.00 509.00 1023.00
3070048.00 508.00 1023.00
3071772.00 508.00 1023.00
3073500.00 508.00 1023.00
3075224.00 508.00 1023.00
3076936.00 508.00 1023.00
3078656.00 509.00 1023.00
3080384.00 508.00 1023.00
3082096.00 508.00 1023.00
3083816.00 508.00 1023.00
3085544.00 508.00 1023.00
3087256.00 508.00 1023.00
3088976.00 508.00 1023.00
3090704.00 509.00 1023.00
3092420.00 508.00 1023.00
3094136.00 509.00 1023.00
3095864.00 508.00 1023.00
3097576.00 508.00 1023.00
3099300.00 508.00 1023.00
3101024.00 509.00 1023.00
3102744.00 508.00 1023.00
3104456.00 509.00 1023.00
3106184.00 509.00 1023.00
3107904.00 508.00 1023.00
3109620.00 508.00 1023.00
3111344.00 508.00 1023.00
3113072.00 508.00 1023.00
3114792.00 509.00 1023.00
3116516.00 508.00 1023.00
3118240.00 508.00 1023.00
3119960.00 509.00 1023.00
3121684.00 508.00 1023.00
3123408.00 508.00 1023.00
3125120.00 508.00 1023.00
3126840.00 509.00 1023.00
3128568.00 508.00 1023.00
3130280.00 508.00 1023.00
3132000.00 508.00 1023.00
3133728.00 508.00 1023.00
3135440.00 508.00 1023.00
3137164.00 509.00 1023.00
3138888.00 508.00 1023.00
3140600.00 509.00 1023.00
3142320.00 508.00 1023.00
3144048.00 508.00 1023.00
3145776.00 509.00 1023.00
3147488.00 508.00 1023.00
3149216.00 508.00 1023.00
3150944.00 508.00 1023.00
3152660.00 508.00 1023.00
3154384.00 508.00 1023.00
3156104.00 509.00 1023.00
3157828.00 508.00 1023.00
3159548.00 508.00 1023.00
3161272.00 508.00 1023.00
3162996.00 508.00 1023.00
3164716.00 508.00 1023.00
3166440.00 508.00 1023.00
3168164.00 508.00 1023.00
3169880.00 508.00 1023.00
3171608.00 508.00 1023.00
3173332.00 509.00 1023.00
3175052.00 508.00 1023.00
3176776.00 508.00 1023.00
3178492.00 508.00 1023.00
3180220.00 508.00 1023.00
3181944.00 508.00 1023.00
3183672.00 507.00 1023.00
3185396.00 508.00 1023.00
3187120.00 508.00 1023.00
3188848.00 509.00 1023.00
3190568.00 508.00 1023.00
3192292.00 508.00 1023.00
3194016.00 509.00 1023.00
3195740.00 508.00 1023.00
3197460.00 508.00 1022.00
3199184.00 508.00 1023.00
3200908.00 508.00 1023.00
3202624.00 508.00 1023.00
3204344.00 508.00 1022.00
3206056.00 508.00 1023.00
3207776.00 509.00 1023.00
3209504.00 508.00 1023.00
3211216.00 508.00 1022.00
3212936.00 509.00 1023.00
3214664.00 508.00 1022.00
3216376.00 508.00 1023.00
3218096.00 509.00 1023.00
3219824.00 508.00 1023.00
3221544.00 509.00 1023.00
3223256.00 508.00 1023.00
3224984.00 508.00 1023.00
3226704.00 509.00 1023.00
3228416.00 508.00 1023.00
3230144.00 508.00 1023.00
3231864.00 508.00 1023.00
3233580.00 508.00 1023.00
3235296.00 508.00 1023.00
3237024.00 508.00 1023.00
3238736.00 508.00 1023.00
3240456.00 508.00 1023.00
3242184.00 508.00 1023.00
3243896.00 509.00 1023.00
3245616.00 508.00 1023.00
3247344.00 509.00 1023.00
3249060.00 508.00 1023.00
3250776.00 508.00 1023.00
3252504.00 508.00 1023.00
3254224.00 508.00 1023.00
3255948.00 508.00 1023.00
3257672.00 508.00 1022.00
3259400.00 508.00 1023.00
3261112.00 508.00 1023.00
3262840.00 508.00 1023.00
3264568.00 508.00 1023.00
3266280.00 509.00 1023.00
3268008.00 508.00 1023.00
3269728.00 509.00 1023.00
3271444.00 508.00 1023.00
3273168.00 508.00 1023.00
3274896.00 508.00 1023.00
3276620.00 508.00 1023.00
3278340.00 509.00 1023.00
3280064.00 509.00 1023.00
3281776.00 508.00 1023.00
3283488.00 509.00 1023.00
3285204.00 508.00 1023.00
3286920.00 508.00 1023.00
3288632.00 508.00 1023.00
3290360.00 508.00 1023.00
3292072.00 508.00 1023.00
3293784.00 508.00 1023.00
3295512.00 507.00 1023.00
3297224.00 508.00 1023.00
3298944.00 508.00 1023.00
3300672.00 508.00 1022.00
3302384.00 508.00 1023.00
3304104.00 508.00 1023.00
3305832.00 508.00 1023.00
3307552.00 509.00 1023.00
3309264.00 509.00 1023.00
3310992.00 508.00 1023.00
3312712.00 508.00 1023.00
3314424.00 508.00 1023.00
3316152.00 508.00 1023.00
3317872.00 509.00 1023.00
3319584.00 509.00 1023.00
3321304.00 508.00 1023.00
3323032.00 508.00 1023.00
3324744.00 508.00 1023.00
3326464.00 508.00 1023.00
3328192.00 508.00 1023.00
3329904.00 508.00 1023.00
3331616.00 508.00 1023.00
3333344.00 509.00 1023.00
3335056.00 508.00 1023.00
3336776.00 508.00 1023.00
3338504.00 508.00 1023.00
3340216.00 508.00 1023.00
3341936.00 508.00 1023.00
3343664.00 508.00 1023.00
3345376.00 508.00 1023.00
3347096.00 508.00 1023.00
3348824.00 507.00 1023.00
3350544.00 508.00 1023.00
3352256.00 508.00 1023.00
3353984.00 508.00 1023.00
3355704.00 509.00 1023.00
3357416.00 508.00 1023.00
3359144.00 508.00 1023.00
3360872.00 508.00 1023.00
3362584.00 508.00 1023.00
3364304.00 508.00 1023.00
3366024.00 508.00 1023.00
3367736.00 508.00 1023.00
3369456.00 508.00 1023.00
3371184.00 508.00 1023.00
3372896.00 509.00 1023.00
3374616.00 508.00 1023.00
3376344.00 508.00 1023.00
3378056.00 508.00 1023.00
3379784.00 508.00 1023.00
3381512.00 508.00 1023.00
3383224.00 508.00 1023.00
3384944.00 509.00 1023.00
3386672.00 509.00 1023.00
3388384.00 508.00 1023.00
3390104.00 508.00 1023.00
3391832.00 508.00 1023.00
3393552.00 508.00 1023.00
3395272.00 508.00 1023.00
3397000.00 508.00 1023.00
3398720.00 509.00 1023.00
3400432.00 509.00 1023.00
3402160.00 508.00 1023.00
3403880.00 509.00 1023.00
3405592.00 508.00 1023.00
3407320.00 509.00 1023.00
3409040.00 508.00 1023.00
3410752.00 508.00 1023.00
3412472.00 508.00 1023.00
3414200.00 509.00 1023.00
3415912.00 509.00 1023.00
3417636.00 508.00 1023.00
3419360.00 509.00 1023.00
3421072.00 508.00 1023.00
3422792.00 509.00 1023.00
3424520.00 508.00 1023.00
3426232.00 509.00 1023.00
3427952.00 508.00 1023.00
3429680.00 508.00 1023.00
3431392.00 509.00 1023.00
3433112.00 508.00 1023.00
3434840.00 508.00 1023.00
3436560.00 509.00 1023.00
3438272.00 508.00 1023.00
3440000.00 509.00 1023.00
3441720.00 508.00 1022.00
3443432.00 509.00 1023.00
3445160.00 508.00 1023.00
3446880.00 508.00 1023.00
3448592.00 508.00 1023.00
3450320.00 509.00 1023.00
3452040.00 508.00 1023.00
3453752.00 508.00 1023.00
3455476.00 508.00 1023.00
3457200.00 508.00 1023.00
3458920.00 508.00 1023.00
3460640.00 507.00 1023.00
3462368.00 508.00 1023.00
3464080.00 508.00 1023.00
3465800.00 508.00 1023.00
3467528.00 508.00 1023.00
3469240.00 508.00 1023.00
3470960.00 509.00 1023.00
3472688.00 508.00 1023.00
3474400.00 507.00 1023.00
3476120.00 508.00 1023.00
3477848.00 508.00 1023.00
3479568.00 509.00 1023.00
3481284.00 508.00 1023.00
3483008.00 508.00 1023.00
3484728.00 510.00 1023.00
3486440.00 508.00 1023.00
3488168.00 508.00 1023.00
3489888.00 508.00 1023.00
3491600.00 507.00 1023.00
3493328.00 509.00 1023.00
3495048.00 508.00 1023.00
3496760.00 508.00 1022.00
3498480.00 509.00 1023.00
3500208.00 508.00 1023.00
3501920.00 508.00 1023.00
3503644.00 508.00 1023.00
3505368.00 508.00 1023.00
3507080.00 508.00 1023.00
3508804.00 508.00 1023.00
3510528.00 509.00 1023.00
3512240.00 508.00 1023.00
3513964.00 508.00 1023.00
3515688.00 508.00 1023.00
3517404.00 509.00 1023.00
3519124.00 508.00 1023.00
3520848.00 508.00 1023.00
3522576.00 509.00 1023.00
3524288.00 508.00 1023.00
3526008.00 509.00 1023.00
3527728.00 508.00 1023.00
3529440.00 508.00 1023.00
3531168.00 508.00 1023.00
3532888.00 510.00 1023.00
3534608.00 509.00 1023.00
3536328.00 508.00 1023.00
3538048.00 508.00 1023.00
3539760.00 508.00 1023.00
3541480.00 508.00 1023.00
3543208.00 508.00 1023.00
3544920.00 508.00 1023.00
3546640.00 509.00 1023.00
3548368.00 508.00 1023.00
3550080.00 508.00 1023.00
3551800.00 508.00 1023.00
3553528.00 508.00 1023.00
3555248.00 508.00 1023.00
3556968.00 509.00 1023.00
3558696.00 509.00 1023.00
3560408.00 508.00 1023.00
3562128.00 508.00 1023.00
3563856.00 508.00 1023.00
3565584.00 508.00 1023.00
3567296.00 508.00 1023.00
3569024.00 509.00 1023.00
3570752.00 508.00 1023.00
3572468.00 508.00 1023.00
3574192.00 508.00 1023.00
3575920.00 508.00 1023.00
3577644.00 509.00 1023.00
3579360.00 508.00 1023.00
3581088.00 508.00 1023.00
3582812.00 508.00 1023.00
3584532.00 508.00 1023.00
3586256.00 509.00 1023.00
3587968.00 508.00 1023.00
3589688.00 509.00 1023.00
3591416.00 508.00 1023.00
3593128.00 508.00 1023.00
3594848.00 508.00 1023.00
3596576.00 508.00 1023.00
3598292.00 509.00 1023.00
3600008.00 508.00 1023.00
3601736.00 508.00 1023.00
3603448.00 508.00 1023.00
3605168.00 508.00 1023.00
3606896.00 509.00 1023.00
3608616.00 508.00 1023.00
3610328.00 509.00 1023.00
3612056.00 508.00 1023.00
3613776.00 508.00 1023.00
3615488.00 508.00 1023.00
3617216.00 508.00 1023.00
3618936.00 509.00 1023.00
3620648.00 508.00 1023.00
3622368.00 508.00 1023.00
3624096.00 508.00 1023.00
3625816.00 508.00 1023.00
3627536.00 509.00 1023.00
3629264.00 508.00 1023.00
3630976.00 508.00 1023.00
3632696.00 508.00 1023.00
3634424.00 507.00 1023.00
3636136.00 509.00 1023.00
3637856.00 508.00 1023.00
3639584.00 509.00 1023.00
3641300.00 508.00 1023.00
3643016.00 508.00 1023.00
3644744.00 508.00 1023.00
3646460.00 509.00 1023.00
3648184.00 508.00 1023.00
3649912.00 508.00 1023.00
3651632.00 508.00 1023.00
3653344.00 508.00 1023.00
3655072.00 508.00 1023.00
3656792.00 509.00 1023.00
3658508.00 508.00 1023.00
3660232.00 509.00 1023.00
3661952.00 508.00 1023.00
3663672.00 508.00 1023.00
3665396.00 508.00 1023.00
3667120.00 508.00 1023.00
3668844.00 508.00 1023.00
3670560.00 509.00 1023.00
3672288.00 508.00 1023.00
3674004.00 507.00 1023.00
3675720.00 508.00 1023.00
3677448.00 508.00 1023.00
3679168.00 508.00 1023.00
3680892.00 508.00 1023.00
3682616.00 509.00 1023.00
3684328.00 508.00 1023.00
3686048.00 508.00 1023.00
3687776.00 508.00 1023.00
3689504.00 509.00 1023.00
3691216.00 507.00 1023.00
3692944.00 509.00 1023.00
3694664.00 508.00 1023.00
3696376.00 508.00 1023.00
3698104.00 508.00 1023.00
3699824.00 508.00 1023.00
3701536.00 508.00 1023.00
3703256.00 508.00 1023.00
3704984.00 508.00 1023.00
3706696.00 509.00 1023.00
3708420.00 508.00 1023.00
3710144.00 508.00 1023.00
3711860.00 508.00 1023.00
3713580.00 508.00 1023.00
3715304.00 508.00 1023.00
3717016.00 508.00 1023.00
3718736.00 508.00 1023.00
3720464.00 509.00 1023.00
3722176.00 508.00 1023.00
3723896.00 508.00 1023.00
3725624.00 508.00 1023.00
3727336.00 509.00 1023.00
3729060.00 508.00 1023.00
3730784.00 508.00 1023.00
3732504.00 508.00 1023.00
3734216.00 509.00 1023.00
3735944.00 508.00 1023.00
3737672.00 508.00 1023.00
3739392.00 508.00 1023.00
3741120.00 508.00 1023.00
3742840.00 509.00 1023.00
3744552.00 508.00 1023.00
3746272.00 509.00 1023.00
3748000.00 508.00 1023.00
3749712.00 508.00 1023.00
3751436.00 508.00 1023.00
3753160.00 508.00 1023.00
3754880.00 509.00 1023.00
3756600.00 508.00 1023.00
3758328.00 508.00 1023.00
3760052.00 509.00 1023.00
3761768.00 508.00 1023.00
3763496.00 508.00 1023.00
3765216.00 508.00 1023.00
3766940.00 508.00 1023.00
3768664.00 508.00 1023.00
3770392.00 508.00 1023.00
3772108.00 508.00 1023.00
3773832.00 508.00 1023.00
3775552.00 508.00 1023.00
3777268.00 508.00 1023.00
3778992.00 508.00 1023.00
3780712.00 508.00 1023.00
3782428.00 509.00 1023.00
3784152.00 508.00 1023.00
3785872.00 508.00 1023.00
3787588.00 508.00 1023.00
3789308.00 509.00 1023.00
3791032.00 508.00 1023.00
3792748.00 508.00 1023.00
3794464.00 508.00 1023.00
3796192.00 509.00 1023.00
3797904.00 509.00 1023.00
3799628.00 509.00 1023.00
3801352.00 509.00 1023.00
3803076.00 508.00 1023.00
3804796.00 508.00 1023.00
3806520.00 509.00 1023.00
3808244.00 508.00 1023.00
3809960.00 508.00 1023.00
3811688.00 508.00 1023.00
3813408.00 509.00 1023.00
3815124.00 508.00 1023.00
3816848.00 509.00 1023.00
3818576.00 509.00 1023.00
3820292.00 508.00 1023.00
3822016.00 508.00 1023.00
3823744.00 508.00 1023.00
3825468.00 508.00 1023.00
3827188.00 508.00 1023.00
3828916.00 508.00 1023.00
3830636.00 508.00 1023.00
3832356.00 508.00 1023.00
3834080.00 508.00 1023.00
3835804.00 509.00 1023.00
3837524.00 508.00 1023.00
3839248.00 508.00 1023.00
3840972.00 508.00 1023.00
3842688.00 508.00 1023.00
3844416.00 508.00 1023.00
3846128.00 508.00 1023.00
3847848.00 508.00 1023.00
3849576.00 508.00 1023.00
3851296.00 508.00 1023.00
3853016.00 509.00 1023.00
3854744.00 508.00 1023.00
3856464.00 508.00 1023.00
3858176.00 508.00 1023.00
3859904.00 509.00 1023.00
3861624.00 508.00 1023.00
3863336.00 508.00 1023.00
3865060.00 508.00 1023.00
3866784.00 509.00 1023.00
3868496.00 508.00 1023.00
3870216.00 508.00 1023.00
3871944.00 509.00 1023.00
3873668.00 507.00 1023.00
3875384.00 508.00 1023.00
3877112.00 509.00 1023.00
3878828.00 509.00 1023.00
3880544.00 508.00 1023.00
3882272.00 508.00 1023.00
3883988.00 508.00 1023.00
3885708.00 509.00 1023.00
3887432.00 508.00 1023.00
3889160.00 508.00 1023.00
3890884.00 508.00 1023.00
3892608.00 509.00 1023.00
3894336.00 508.00 1023.00
3896052.00 508.00 1023.00
3897776.00 508.00 1023.00
3899496.00 508.00 1023.00
3901212.00 508.00 1023.00
3902936.00 508.00 1023.00
3904664.00 508.00 1022.00
3906384.00 509.00 1023.00
3908108.00 508.00 1023.00
3909832.00 508.00 1023.00
3911548.00 508.00 1023.00
3913268.00 508.00 1023.00
3914992.00 508.00 1023.00
3916716.00 509.00 1023.00
3918436.00 508.00 1023.00
3920160.00 508.00 1023.00
3921880.00 508.00 1023.00
3923604.00 508.00 1023.00
3925328.00 508.00 1023.00
3927048.00 508.00 1023.00
3928768.00 508.00 1023.00
3930496.00 508.00 1023.00
3932224.00 509.00 1023.00
3933944.00 508.00 1023.00
3935672.00 508.00 1023.00
3937392.00 509.00 1023.00
3939112.00 509.00 1023.00
3940836.00 508.00 1023.00
3942560.00 509.00 1023.00
3944272.00 509.00 1023.00
3945992.00 508.00 1023.00
3947720.00 509.00 1023.00
3949432.00 508.00 1023.00
3951156.00 508.00 1023.00
3952880.00 508.00 1023.00
3954600.00 507.00 1023.00
3956320.00 508.00 1023.00
3958048.00 508.00 1023.00
3959760.00 510.00 1023.00
3961484.00 508.00 1023.00
3963208.00 508.00 1023.00
3964936.00 508.00 1023.00
3966652.00 509.00 1023.00
3968376.00 508.00 1023.00
3970104.00 508.00 1023.00
3971816.00 508.00 1023.00
3973544.00 508.00 1023.00
3975272.00 508.00 1023.00
3976984.00 508.00 1023.00
3978712.00 508.00 1023.00
3980432.00 508.00 1023.00
3982156.00 508.00 1023.00
3983876.00 508.00 1023.00
3985600.00 508.00 1023.00
3987320.00 508.00 1023.00
3989040.00 508.00 1023.00
3990768.00 508.00 1023.00
3992484.00 509.00 1023.00
3994204.00 508.00 1023.00
3995928.00 508.00 1023.00
3997644.00 508.00 1023.00
3999360.00 509.00 1023.00
4001088.00 508.00 1023.00
END
