
104355308 023
104349308 508 1023
104350308 508 1023
104351308 508 1023
104352308 508 1023
104353308 509 1023
104354308 508 1023
104355308 1023
Start

time_(μs) raw_current raw_low_voltage
316 517 977
1092 513 970
1816 513 977
2544 510 980
3272 509 987
3992 509 994
4712 509 999
5440 508 1006
6208 508 1009
6972 508 1005
7740 508 1003
8512 508 1001
9280 509 1005
10044 508 1007
10856 508 1010
11668 508 1013
12484 508 1017
13296 509 1021
14104 509 1023
14916 509 1023
15732 509 1023
16548 508 1023
17360 509 1023
18168 509 1023
18980 508 1023
19796 508 1023
20612 508 1023
21424 508 1023
22232 508 1023
23044 509 1023
23860 508 1023
24676 508 1023
25488 508 1023
26296 508 1023
27108 508 1023
27924 508 1023
28740 509 1023
29552 509 1023
30360 509 1023
31176 508 1023
31992 508 1023
32808 509 1023
33616 508 1023
34424 508 1023
35236 509 1023
36052 508 1023
36868 508 1023
37680 508 1023
38488 509 1023
39300 508 1023
40120 508 1023
40928 508 1023
41736 509 1023
42548 509 1023
43364 508 1023
44180 508 1023
44992 508 1023
45800 508 1023
46612 508 1023
47428 508 1023
48248 508 1023
49056 509 1023
49864 508 1023
50680 509 1023
51496 509 1023
52308 508 1023
53120 508 1023
53928 509 1023
54740 508 1023
55556 509 1023
56376 508 1023
57184 508 1023
57992 508 1023
58808 508 1023
59624 508 1023
60440 508 1023
61248 508 1023
62056 508 1023
62872 508 1023
63688 509 1023
64496 508 1023
65304 508 1023
66116 508 1023
66936 508 1023
67748 509 1023
68560 509 1023
69368 509 1023
70180 508 1023
71000 508 1023
71816 508 1023
72624 509 1023
73432 509 1023
74248 508 1023
75060 508 1023
75880 509 1023
76688 508 1023
77504 509 1023
78320 508 1023
79136 509 1023
79952 508 1023
80760 508 1023
81568 508 1023
82384 509 1023
83196 508 1023
84016 508 1023
84824 508 1023
85632 508 1023
86448 509 1023
87260 508 1023
88076 508 1023
88888 508 1023
89696 509 1023
90508 508 1023
91328 508 1023
92136 509 1023
92944 509 1023
93760 508 1023
94572 509 1023
95392 510 1023
96200 509 1023
97008 508 1023
97824 508 1023
98640 508 1023
99456 508 1023
100264 508 1023
101116 508 1023
101980 508 1023
102836 508 1023
103688 508 1023
104544 510 1023
105396 508 1023
106252 508 1023
107112 509 1023
107972 508 1023
108824 509 1023
109680 508 1023
110532 508 1023
111388 508 1023
112248 508 1023
113104 508 1023
113960 508 1023
114816 509 1023
115668 508 1023
116524 509 1023
117380 508 1023
118244 509 1023
119096 508 1023
119952 508 1023
120804 508 1023
121660 508 1023
122516 509 1023
123380 509 1023
124232 508 1023
125088 508 1023
125940 508 1023
126796 508 1023
127652 509 1023
128516 509 1023
129368 508 1023
130224 509 1023
131080 509 1023
131932 508 1023
132788 508 1023
133648 508 1023
134504 508 1023
135360 510 1023
136216 509 1023
137068 508 1023
137924 508 1023
138784 508 1023
139640 509 1023
140496 509 1023
141352 508 1023
142204 508 1023
143060 508 1023
143924 508 1023
144776 509 1023
145632 508 1023
146488 509 1023
147340 508 1023
148196 509 1023
149056 509 1023
149912 508 1023
150772 508 1023
151628 508 1023
152476 509 1023
153332 508 1023
154196 508 1023
155056 508 1023
155912 508 1023
156772 509 1023
157620 509 1023
158476 508 1023
159340 508 1023
160196 508 1023
161048 508 1023
161904 509 1023
162756 509 1023
163612 508 1023
164472 508 1023
165328 508 1023
166184 508 1023
167040 508 1023
167892 508 1023
168740 508 1023
169596 508 1023
170456 508 1023
171312 508 1023
172168 509 1023
173020 509 1023
173876 509 1023
174732 508 1023
175592 509 1023
176452 509 1023
177304 508 1023
178156 508 1023
179012 508 1023
179868 508 1023
180728 508 1023
181584 508 1023
182444 508 1023
183292 508 1023
184148 508 1023
185004 509 1023
185864 509 1023
186720 508 1023
187576 509 1023
188432 510 1023
189284 509 1023
190140 508 1023
191004 508 1023
191860 508 1023
192716 509 1023
193576 509 1023
194428 509 1023
195284 509 1023
196144 509 1023
197000 508 1023
197860 510 1023
198716 509 1023
199564 508 1023
200420 508 1023
201280 508 1023
202136 510 1023
202996 508 1023
203852 508 1023
204700 508 1023
205556 508 1023
206416 509 1023
207272 509 1023
208128 508 1023
208984 508 1023
209836 509 1023
210684 508 1023
211544 509 1023
212400 508 1023
213256 508 1023
214112 509 1023
214964 509 1023
215820 509 1023
216684 508 1023
217536 509 1023
218396 508 1023
219248 508 1023
220100 508 1023
220956 508 1023
221816 508 1023
222672 509 1023
223532 508 1023
224388 508 1023
225236 508 1023
226092 508 1023
226948 508 1023
227808 508 1023
228668 509 1023
229520 509 1023
230372 508 1023
231228 509 1023
232084 508 1023
232944 509 1023
233804 509 1023
234656 508 1023
235508 508 1023
236364 508 1023
237220 508 1023
238084 508 1023
238936 508 1023
239796 509 1023
240652 509 1023
241508 508 1023
242364 508 1023
243228 510 1023
244080 508 1023
244936 508 1023
245796 508 1023
246644 508 1023
247500 509 1023
248364 508 1023
249216 509 1023
250076 509 1023
250932 509 1023
251780 508 1023
252636 509 1023
253500 509 1023
254356 509 1023
255212 509 1023
256076 509 1023
256932 508 1023
257780 508 1023
258632 508 1023
259488 508 1023
260344 508 1023
261200 508 1023
262052 509 1023
262900 508 1023
263760 509 1023
264616 508 1023
265472 508 1023
266332 508 1023
267180 508 1023
268036 508 1023
268896 509 1023
269752 508 1023
270608 508 1023
271464 508 1023
272316 508 1023
273172 509 1023
274036 508 1023
274888 508 1023
275744 508 1023
276604 508 1023
277452 508 1023
278308 508 1023
279164 508 1023
280028 508 1023
280880 508 1023
281740 509 1023
282588 509 1023
283444 508 1023
284300 509 1023
285164 508 1023
286020 508 1023
286876 508 1023
287724 508 1023
288580 508 1023
289436 508 1023
290296 509 1023
291152 508 1023
292012 509 1023
292872 509 1023
293724 509 1023
294580 509 1023
295440 509 1023
296300 509 1023
297156 508 1023
298012 509 1023
298860 509 1023
299716 508 1023
300580 508 1023
301436 508 1023
302300 508 1023
303164 509 1023
304012 508 1023
304868 508 1023
305732 508 1023
306588 508 1023
307452 509 1023
308304 508 1023
309156 509 1023
310012 508 1023
310876 508 1023
311732 508 1023
312588 508 1023
313444 508 1023
314292 508 1023
315148 509 1023
316012 509 1023
316876 508 1023
317732 508 1023
318588 508 1023
319444 508 1023
320300 508 1023
321156 508 1023
322020 508 1023
322872 509 1023
323728 508 1023
324580 508 1023
325436 509 1023
326292 508 1023
327156 508 1023
328012 508 1023
328864 508 1023
329716 509 1023
330572 508 1023
331428 509 1023
332292 508 1023
333148 508 1023
334000 509 1023
334856 509 1023
335708 509 1023
336564 508 1023
337424 509 1023
338284 508 1023
339136 508 1023
339996 509 1023
340844 508 1023
341700 508 1023
342556 508 1023
343412 508 1023
344268 508 1023
345124 509 1023
345972 510 1023
346828 508 1023
347692 508 1023
348548 509 1023
349400 509 1023
350260 509 1023
351108 508 1023
351964 508 1023
352828 509 1023
353688 509 1023
354544 508 1023
355404 508 1023
356252 509 1023
357108 509 1023
357972 508 1023
358836 509 1023
359696 508 1023
360552 508 1023
361404 508 1023
362260 509 1023
363120 509 1023
363980 508 1023
364836 508 1023
365688 508 1023
366540 508 1023
367396 508 1023
368252 508 1023
369116 509 1023
369972 509 1023
370824 508 1023
371676 509 1023
372532 508 1023
373388 509 1023
374252 508 1023
375108 509 1023
375964 509 1023
376812 508 1023
377668 509 1023
378524 508 1023
379388 509 1023
380244 509 1023
381100 508 1023
381948 508 1023
382812 508 1023
383668 508 1023
384532 508 1023
385392 508 1023
386252 508 1023
387108 508 1023
387956 508 1023
388812 509 1023
389676 509 1023
390532 508 1023
391388 508 1023
392244 508 1023
393092 508 1023
393948 508 1023
394812 509 1023
395668 509 1023
396524 508 1023
397380 508 1023
398228 509 1023
399084 508 1023
399948 508 1023
400812 508 1023
401672 509 1023
402532 508 1023
403380 508 1023
404236 508 1023
405100 508 1023
405956 509 1023
406812 508 1023
407668 509 1023
408516 508 1023
409372 509 1023
410236 509 1023
411096 508 1023
411952 508 1023
412808 508 1023
413660 509 1023
414508 508 1023
415364 509 1023
416224 509 1023
417080 508 1023
417936 508 1023
418788 508 1023
419644 508 1023
420500 508 1023
421360 508 1023
422216 508 1023
423076 509 1023
423924 509 1023
424780 508 1023
425636 508 1023
426496 508 1023
427356 509 1023
428212 508 1023
429064 509 1023
429916 509 1023
430772 508 1023
431632 509 1023
432492 508 1023
433344 509 1023
434204 508 1023
435052 508 1023
435908 509 1023
436772 508 1023
437628 508 1023
438484 509 1023
439336 508 1023
440188 509 1023
441044 508 1023
441904 508 1023
442764 509 1023
443620 508 1023
444476 508 1023
445324 508 1023
446180 508 1023
447044 509 1023
447900 508 1023
448756 509 1023
449616 509 1023
450468 508 1023
451324 509 1023
452184 508 1023
453040 509 1023
453900 508 1023
454756 508 1023
455604 509 1023
456460 509 1023
457324 508 1023
458180 508 1023
459036 508 1023
459892 509 1023
460748 508 1023
461604 508 1023
462460 509 1023
463320 509 1023
464180 508 1023
465032 508 1023
465884 508 1023
466740 508 1023
467596 508 1023
468460 509 1023
469316 509 1023
470172 508 1023
471028 508 1023
471884 508 1023
472740 508 1023
473604 509 1023
474456 508 1023
475316 509 1023
476172 509 1023
477028 508 1023
477884 508 1023
478748 508 1023
479604 509 1023
480460 508 1023
481324 508 1023
482172 509 1023
483028 508 1023
483892 508 1023
484748 508 1023
485604 508 1023
486460 508 1023
487308 508 1023
488164 508 1023
489024 509 1023
489884 509 1023
490740 508 1023
491596 508 1023
492452 509 1023
493308 508 1023
494172 508 1023
495028 509 1023
495884 509 1023
496740 508 1023
497588 508 1023
498444 509 1023
499308 509 1023
500160 508 1023
501020 508 1023
501876 508 1023
502724 508 1023
503580 508 1023
504444 508 1023
505308 509 1023
506164 508 1023
507028 509 1023
507876 508 1023
508732 509 1023
509588 508 1023
510452 508 1023
511316 508 1023
512180 509 1023
513040 509 1023
513892 509 1023
514748 508 1023
515608 509 1023
516464 509 1023
517324 508 1023
518176 508 1023
519028 508 1023
519884 509 1023
520744 509 1023
521604 508 1023
522456 508 1023
523312 508 1023
524164 508 1023
525020 508 1023
525880 509 1023
526736 509 1023
527592 508 1023
528452 508 1023
529300 508 1023
530156 508 1023
531020 509 1023
531876 509 1023
532740 509 1023
533592 509 1023
534444 509 1023
535300 509 1023
536164 509 1023
537016 508 1023
537876 508 1023
538728 508 1023
539580 509 1023
540436 509 1023
541300 508 1023
542156 508 1023
543012 508 1023
543876 508 1023
544724 508 1023
545580 508 1023
546436 508 1023
547300 508 1023
548156 508 1023
549012 509 1023
549860 509 1023
550716 508 1023
551572 508 1023
552436 509 1023
553300 509 1023
554156 509 1023
555004 508 1023
555868 508 1023
556724 508 1023
557588 508 1023
558452 508 1023
559316 508 1023
560172 509 1023
561028 508 1023
561884 509 1023
562748 509 1023
563612 508 1023
564472 508 1023
565332 508 1023
566180 508 1023
567036 508 1023
567900 508 1023
568764 508 1023
569628 509 1023
570480 508 1023
571332 509 1023
572188 509 1023
573052 509 1023
573908 508 1023
574772 509 1023
575628 509 1023
576476 508 1023
577332 508 1023
578188 508 1023
579052 508 1023
579908 508 1023
580764 508 1023
581612 508 1023
582468 508 1023
583324 509 1023
584188 508 1023
585040 508 1023
585900 508 1023
586748 509 1023
587604 508 1023
588460 509 1023
589324 508 1023
590188 509 1023
591044 508 1023
591900 508 1023
592748 508 1023
593604 509 1023
594468 509 1023
595324 509 1023
596180 509 1023
597036 508 1023
597884 508 1023
598740 509 1023
599604 508 1023
600468 508 1023
601332 509 1023
602188 509 1023
603044 508 1023
603900 508 1023
604764 508 1023
605628 508 1023
606492 508 1023
607348 508 1023
608204 508 1023
609060 508 1023
609916 508 1023
610780 508 1023
611644 508 1023
612508 509 1023
613364 508 1023
614220 509 1023
615080 509 1023
615940 509 1023
616796 508 1023
617652 508 1023
618516 508 1023
619364 508 1023
620220 508 1023
621084 508 1023
621940 509 1023
622796 509 1023
623660 508 1023
624516 509 1023
625372 508 1023
626236 508 1023
627092 508 1023
627956 508 1023
628820 509 1023
629676 508 1023
630532 508 1023
631396 508 1023
632260 508 1023
633124 508 1023
633988 508 1023
634844 508 1023
635700 508 1023
636556 509 1023
637420 508 1023
638284 508 1023
639148 508 1023
640012 508 1023
640868 508 1023
641716 509 1023
642576 509 1023
643432 508 1023
644292 509 1023
645148 509 1023
645996 508 1023
646852 508 1023
647716 509 1023
648572 508 1023
649428 509 1023
650284 508 1023
651132 508 1023
651988 509 1023
652852 508 1023
653712 509 1023
654572 508 1023
655428 510 1023
656276 509 1023
657132 509 1023
657992 508 1023
658848 508 1023
659704 508 1023
660560 508 1023
661412 508 1023
662268 508 1023
663132 509 1023
663988 508 1023
664844 508 1023
665708 509 1023
666556 508 1023
667404 508 1023
668264 509 1023
669120 509 1023
669976 509 1023
670836 508 1023
671684 509 1023
672540 509 1023
673400 509 1023
674256 508 1023
675116 508 1023
675972 508 1023
676828 508 1023
677684 509 1023
678540 508 1023
679400 508 1023
680260 508 1023
681112 509 1023
681964 509 1023
682820 509 1023
683676 508 1023
684540 508 1023
685396 508 1023
686252 508 1023
687100 508 1023
687956 509 1023
688812 509 1023
689672 509 1023
690532 509 1023
691388 507 1023
692248 509 1023
693100 509 1023
693956 509 1023
694820 508 1023
695676 509 1023
696532 509 1023
697396 508 1023
698244 508 1023
699100 508 1023
699964 509 1023
700820 509 1023
701684 508 1023
702540 509 1023
703388 508 1023
704244 508 1023
705104 508 1023
705964 509 1023
706820 509 1023
707676 509 1023
708524 509 1023
709380 509 1023
710244 508 1023
711100 508 1023
711964 508 1023
712828 508 1023
713684 508 1023
714540 509 1023
715396 508 1023
716260 508 1023
717124 508 1023
717984 509 1023
718836 509 1023
719692 508 1023
720548 508 1023
721412 509 1023
722268 509 1023
723124 508 1023
723980 508 1023
724828 508 1023
725684 508 1023
726548 509 1023
727404 508 1023
728260 509 1023
729116 509 1023
729964 508 1023
730820 508 1023
731684 508 1023
732548 508 1023
733404 508 1023
734268 509 1023
735124 509 1023
735980 509 1023
736844 508 1023
737708 508 1023
738560 508 1023
739416 508 1023
740268 509 1023
741124 508 1023
741988 508 1023
742844 508 1023
743708 508 1023
744564 509 1023
745412 508 1023
746268 508 1023
747132 509 1023
747988 508 1023
748852 509 1023
749716 508 1023
750564 509 1023
751420 508 1023
752276 508 1023
753140 509 1023
754004 509 1023
754868 509 1023
755724 508 1023
756580 508 1023
757436 509 1023
758300 508 1023
759164 508 1023
760028 509 1023
760892 509 1023
761740 509 1023
762604 509 1023
763468 508 1023
764332 508 1023
765196 508 1023
766060 508 1023
766916 508 1023
767772 508 1023
768636 509 1023
769500 508 1023
770356 509 1023
771212 508 1023
772068 509 1023
772924 509 1023
773780 508 1023
774644 508 1023
775500 509 1023
776356 508 1023
777212 508 1023
778068 508 1023
778924 508 1023
779788 509 1023
780644 509 1023
781500 508 1023
782364 508 1023
783212 508 1023
784068 509 1023
784932 509 1023
785788 508 1023
786644 508 1023
787508 508 1023
788356 510 1023
789212 509 1023
790076 509 1023
790932 508 1023
791796 508 1023
792660 508 1023
793516 508 1023
794376 508 1023
795236 508 1023
796100 509 1023
796964 508 1023
797828 508 1023
798676 510 1023
799536 508 1023
800388 508 1023
801248 509 1023
802108 509 1023
802964 508 1023
803812 508 1023
804668 508 1023
805524 508 1023
806388 508 1023
807244 508 1023
808108 508 1023
808956 509 1023
809812 509 1023
810668 508 1023
811532 509 1023
812396 509 1023
813252 508 1023
814116 508 1023
814972 509 1023
815828 509 1023
816692 508 1023
817556 508 1023
818412 508 1023
819276 508 1023
820132 508 1023
820980 508 1023
821840 509 1023
822696 508 1023
823552 508 1023
824412 508 1023
825260 508 1023
826116 508 1023
826976 508 1023
827832 508 1023
828692 509 1023
829548 509 1023
830396 508 1023
831252 508 1023
832116 508 1023
832968 509 1023
833824 509 1023
834680 508 1023
835532 508 1023
836388 508 1023
837244 508 1023
838104 508 1023
838964 508 1023
839820 509 1023
840668 507 1023
841524 508 1023
842380 509 1023
843244 508 1023
844096 508 1023
844956 509 1023
845804 508 1023
846660 508 1023
847516 508 1023
848380 508 1023
849232 509 1023
850092 509 1023
850940 508 1023
851796 509 1023
852652 508 1023
853516 509 1023
854372 508 1023
855236 509 1023
856100 509 1023
856948 509 1023
857804 508 1023
858664 509 1023
859524 508 1023
860380 508 1023
861236 508 1023
862084 508 1023
862940 508 1023
863804 508 1023
864660 509 1023
865520 508 1023
866380 509 1023
867228 508 1023
868084 508 1023
868948 509 1023
869804 508 1023
870660 508 1023
871512 509 1023
872364 509 1023
873220 509 1023
874084 508 1023
874940 509 1023
875796 509 1023
876652 508 1023
877508 508 1023
878364 508 1023
879228 508 1023
880092 508 1023
880956 509 1023
881812 509 1023
882660 509 1023
883516 508 1023
884372 508 1023
885236 508 1023
886092 509 1023
886948 508 1023
887796 508 1023
888652 509 1023
889508 509 1023
890372 508 1023
891236 509 1023
892100 508 1023
892956 509 1023
893812 509 1023
894668 509 1023
895532 509 1023
896396 509 1023
897260 508 1023
898116 508 1023
898964 508 1023
899820 508 1023
900684 508 1023
901548 509 1023
902412 508 1023
903264 508 1023
904116 509 1023
904972 508 1023
905832 508 1023
906692 509 1023
907548 508 1023
908404 508 1023
909252 509 1023
910108 509 1023
910972 508 1023
911828 508 1023
912692 508 1023
913556 509 1023
914404 509 1023
915260 509 1023
916116 508 1023
916980 508 1023
917844 509 1023
918700 508 1023
919564 508 1023
920420 508 1023
921276 508 1023
922140 509 1023
923004 509 1023
923860 508 1023
924716 508 1023
925564 509 1023
926420 508 1023
927284 509 1023
928140 508 1023
928996 508 1023
929852 509 1023
930700 509 1023
931564 510 1023
932428 508 1023
933292 508 1023
934148 509 1023
935004 509 1023
935860 510 1023
936716 508 1023
937580 508 1023
938444 508 1023
939308 508 1023
940172 508 1023
941028 508 1023
941884 508 1023
942740 508 1023
943604 509 1023
944460 509 1023
945324 508 1023
946188 508 1023
947036 508 1023
947896 510 1023
948756 509 1023
949620 509 1023
950484 509 1023
951348 509 1023
952196 509 1023
953052 509 1023
953916 508 1023
954780 509 1023
955644 509 1023
956508 509 1023
957364 508 1023
958220 507 1023
959084 508 1023
959948 508 1023
960812 508 1023
961676 508 1023
962524 509 1023
963380 508 1023
964236 508 1023
965100 508 1023
965956 508 1023
966820 508 1023
967676 508 1023
968532 509 1023
969388 508 1023
970252 508 1023
971116 509 1023
971972 509 1023
972836 509 1023
973692 508 1023
974548 508 1023
975412 509 1023
976276 509 1023
977140 508 1023
977996 508 1023
978852 508 1023
979708 509 1023
980572 509 1023
981436 508 1023
982292 508 1023
983156 508 1023
984012 509 1023
984868 509 1023
985724 508 1023
986584 508 1023
987444 508 1023
988300 509 1023
989148 509 1023
990004 508 1023
990860 508 1023
991724 509 1023
992588 508 1023
993452 509 1023
994300 508 1023
995156 509 1023
996012 508 1023
996876 509 1023
997732 508 1023
998596 508 1023
999460 509 1023
1000308 508 1023
1001212 509 111
1002076 511 220
1002932 514 218
1003788 516 214
1004644 519 212
1005492 522 208
1006348 524 203
1007212 527 202
1008068 529 200
1008920 531 195
1009780 533 191
1010628 533 189
1011484 533 184
1012348 533 186
1013204 534 187
1014060 533 187
1014916 533 174
1015764 533 179
1016620 532 171
1017476 531 173
1018340 532 178
1019204 531 177
1020068 532 174
1020916 531 162
1021772 531 159
1022628 530 166
1023492 530 169
1024356 530 157
1025216 529 147
1026072 529 153
1026924 528 150
1027780 529 162
1028640 531 149
1029496 529 152
1030352 529 160
1031208 530 145
1032060 529 143
1032916 528 145
1033780 526 138
1034632 528 151
1035488 528 136
1036348 528 146
1037196 528 159
1038052 528 140
1038916 527 137
1039772 527 93
1040584 527 147
1041440 527 131
1042292 527 137
1043148 527 131
1044012 526 118
1044864 526 0
1045636 525 136
1046484 526 119
1047340 525 135
1048196 526 126
1049056 525 116
1049912 524 125
1050768 525 116
1051620 524 121
1052476 526 111
1053332 525 109
1054196 524 83
1055008 525 107
1055864 523 111
1056716 525 93
1057528 519 65
1058344 522 121
1059204 522 122
1060056 523 106
1060912 525 134
1061764 525 109
1062620 524 120
1063480 524 126
1064340 524 104
1065192 524 134
1066048 525 109
1066900 525 119
1067756 523 119
1068620 524 102
1069476 524 128
1070328 524 105
1071184 524 0
1071952 523 120
1072804 524 103
1073664 524 128
1074524 524 104
1075380 524 0
1076140 523 124
1076996 524 109
1077856 525 132
1078712 525 113
1079572 524 120
1080428 523 125
1081276 524 108
1082132 525 133
1082996 525 112
1083852 524 119
1084708 524 128
1085564 524 109
1086412 525 132
1087268 525 120
1088124 525 118
1088984 523 129
1089840 525 115
1090696 524 129
1091548 526 123
1092404 526 118
1093260 523 95
1094080 525 124
1094936 525 115
1095796 526 139
1096644 525 110
1097500 524 119
1098364 523 133
1099220 524 98
1100032 523 123
1100892 524 121
1101740 524 112
1102596 523 126
1103460 525 116
1104316 525 124
1105172 524 116
1106028 524 115
1106884 523 124
1107740 524 105
1108604 524 126
1109460 525 111
1110316 524 108
1111172 522 119
1112028 523 94
1112840 523 120
1113700 524 109
1114556 523 110
1115412 523 118
1116276 522 29
1117088 522 126
1117940 523 102
1118804 523 5
1119580 522 113
1120444 523 102
1121304 524 95
1122112 521 47
1122920 520 69
1123736 521 101
1124596 516 71
1125408 519 103
1126260 521 97
1127076 520 103
1127928 523 97
1128744 522 102
1129600 523 106
1130452 523 105
1131300 523 116
1132156 523 99
1132976 523 122
1133832 523 100
1134692 523 31
1135496 523 116
1136348 523 104
1137212 524 105
1138068 523 96
1138880 521 113
1139740 524 100
1140588 523 119
1141444 523 99
1142264 524 0
1143036 522 109
1143900 522 97
1144716 523 101
1145564 522 92
1146384 521 99
1147200 522 100
1148056 522 113
1148908 524 102
1149764 523 35
1150576 523 110
1151436 522 103
1152292 523 103
1153152 523 100
1154004 522 111
1154860 522 93
1155672 522 125
1156532 524 93
1157344 522 94
1158160 522 96
1158968 522 109
1159820 523 98
1160640 522 104
1161496 522 108
1162356 522 101
1163204 523 103
1164060 522 94
1164880 521 109
1165736 521 92
1166552 523 91
1167368 522 89
1168176 521 97
1168984 522 95
1169800 524 110
1170660 523 93
1171472 522 69
1172280 522 102
1173132 522 104
1173996 522 99
1174808 522 100
1175668 523 105
1176516 523 95
1177328 522 100
1178188 522 91
1179008 522 108
1179868 522 93
1180680 523 92
1181488 521 88
1182296 521 111
1183156 522 90
1183976 523 116
1184836 522 88
1185648 522 108
1186500 522 90
1187320 522 109
1188180 522 87
1188992 523 101
1189844 523 94
1190656 522 110
1191516 522 91
1192328 521 73
1193144 522 96
1193952 522 104
1194804 522 95
1195616 521 26
1196432 521 96
1197248 522 95
1198056 522 97
1198868 521 90
1199680 522 107
1200540 523 94
1201352 522 95
1202160 522 89
1202968 522 109
1203828 522 91
1204640 523 92
1205456 522 85
1206264 522 109
1207116 522 87
1207928 521 90
1208744 522 82
1209560 522 108
1210420 522 89
1211232 522 114
1212084 522 87
1212904 522 111
1213764 523 87
1214576 522 116
1215428 523 86
1216244 522 107
1217096 523 87
1217912 522 117
1218772 522 86
1219592 521 108
1220444 522 88
1221256 522 116
1222116 522 86
1222936 523 110
1223796 521 87
1224608 523 86
1225416 521 84
1226232 521 107
1227092 522 86
1227912 522 82
1228724 522 83
1229532 521 106
1230384 522 87
1231200 522 114
1232060 521 84
1232864 522 110
1233716 522 86
1234528 522 115
1235388 522 83
1236200 521 107
1237056 522 86
1237864 522 89
1238672 522 83
1239488 522 108
1240348 522 88
1241160 522 84
1241968 522 86
1242776 522 110
1243636 522 87
1244448 522 86
1245264 521 83
1246072 521 104
1246924 521 84
1247744 521 89
1248560 520 81
1249376 521 105
1250228 521 80
1251040 522 88
1251856 521 81
1252672 521 107
1253532 521 84
1254336 522 90
1255148 521 85
1255960 521 104
1256820 521 83
1257632 521 95
1258440 521 84
1259248 522 105
1260108 521 88
1260920 522 93
1261736 521 88
1262544 523 106
1263396 521 89
1264208 522 96
1265024 522 87
1265840 521 103
1266700 521 86
1267504 522 94
1268312 521 89
1269128 522 99
1269944 521 88
1270752 522 94
1271560 521 89
1272376 521 103
1273236 522 91
1274048 522 93
1274856 521 96
1275668 522 103
1276524 521 90
1277344 521 93
1278160 521 94
1278972 522 99
1279780 521 93
1280592 523 92
1281404 521 95
1282220 523 98
1283032 521 93
1283840 522 93
1284652 520 95
1285472 522 98
1286288 521 90
1287096 522 94
1287904 521 88
1288720 522 104
1289576 522 93
1290392 522 96
1291200 521 92
1292008 522 109
1292864 522 93
1293676 523 99
1294496 522 88
1295304 523 108
1296156 522 88
1296976 522 97
1297792 522 86
1298608 522 108
1299464 522 89
1300272 522 92
1301080 522 89
1301896 522 112
1302756 522 90
1303568 522 117
1304420 522 87
1305232 522 111
1306092 522 91
1306912 523 113
1307772 521 87
1308576 522 109
1309428 523 94
1310248 523 111
1311108 522 90
1311928 522 107
1312788 522 97
1313592 522 108
1314444 522 92
1315264 522 98
1316080 522 95
1316892 522 101
1317748 522 95
1318560 521 108
1319416 523 104
1320272 522 105
1321128 523 98
1321936 523 103
1322788 523 106
1323644 522 98
1324464 523 102
1325320 521 96
1326136 523 108
1326988 522 96
1327800 522 101
1328660 522 92
1329468 522 110
1330332 522 91
1331136 523 91
1331948 522 91
1332760 522 112
1333616 523 90
1334432 523 115
1335284 523 89
1336096 522 107
1336952 522 93
1337768 522 110
1338624 522 88
1339440 522 104
1340292 522 95
1341104 523 108
1341964 522 91
1342776 522 101
1343632 522 95
1344440 522 104
1345292 522 91
1346100 522 93
1346920 522 89
1347736 522 98
1348544 523 89
1349352 521 100
1350212 522 96
1351024 522 97
1351840 522 92
1352648 522 98
1353456 522 99
1354272 522 95
1355088 522 93
1355904 521 92
1356712 522 100
1357564 521 89
1358384 521 95
1359200 522 92
1360016 522 101
1360868 521 95
1361672 523 92
1362488 521 96
1363304 522 100
1364160 521 94
1364968 521 93
1365776 521 95
1366592 522 97
1367408 520 92
1368224 522 91
1369032 521 95
1369840 522 96
1370656 521 99
1371472 521 88
1372288 522 82
1373096 522 94
1373904 521 97
1374720 522 86
1375536 522 90
1376352 521 83
1377160 521 95
1377968 520 70
1378784 520 95
1379600 521 77
1380416 520 100
1381268 520 74
1382080 520 98
1382896 520 74
1383712 521 82
1384528 519 77
1385336 521 94
1386144 520 79
1386960 520 85
1387776 520 84
1388592 521 86
1389400 520 91
1390208 521 77
1391024 519 90
1391840 521 79
1392656 521 102
1393508 520 74
1394320 520 97
1395136 520 73
1395952 520 85
1396768 519 82
1397576 521 85
1398384 520 90
1399200 520 74
1400016 520 94
1400824 520 72
1401632 521 73
1402448 520 74
1403264 520 94
1404080 520 76
1404888 520 79
1405696 519 77
1406512 520 77
1407328 519 94
1408144 519 71
1408952 519 92
1409760 520 72
1410576 521 77
1411392 519 70
1412208 519 60
1413016 519 90
1413824 519 63
1414640 519 90
1415456 520 67
1416272 519 77
1417080 518 70
1417888 519 74
1418704 519 93
1419520 519 65
1420336 518 87
1421144 519 70
1421952 519 72
1422768 518 77
1423584 519 71
1424400 519 65
1425208 519 67
1426016 519 85
1426832 519 79
1427648 519 69
1428456 519 88
1429264 520 66
1430080 519 79
1430896 518 74
1431712 519 75
1432524 519 86
1433328 518 64
1434144 519 90
1434960 519 69
1435776 519 72
1436584 518 80
1437392 519 62
1438208 519 68
1439024 518 64
1439840 519 78
1440648 517 78
1441456 518 62
1442272 519 92
1443088 518 64
1443904 519 75
1444712 517 64
1445520 520 69
1446336 518 92
1447152 518 63
1447968 519 82
1448776 518 75
1449584 518 63
1450400 518 85
1451216 519 64
1452024 519 75
1452832 518 78
1453648 519 71
1454464 519 87
1455280 519 61
1456088 519 89
1456896 519 74
1457712 518 68
1458528 518 84
1459344 519 66
1460152 519 74
1460960 518 71
1461776 519 72
1462592 518 81
1463408 518 59
1464216 518 87
1465024 518 63
1465840 518 66
1466656 517 66
1467472 518 59
1468280 518 62
1469088 518 63
1469904 519 78
1470720 518 79
1471536 518 63
1472348 518 88
1473152 519 65
1473968 518 75
1474784 518 41
1475600 519 74
1476408 519 94
1477216 519 62
1478032 518 87
1478848 518 70
1479656 519 71
1480468 519 80
1481280 519 64
1482096 521 72
1482912 518 66
1483720 519 86
1484528 519 83
1485344 519 65
1486160 518 91
1486976 518 65
1487784 519 77
1488592 519 77
1489408 521 73
1490224 518 89
1491040 518 62
1491848 518 83
1492656 518 71
1493472 519 71
1494288 518 85
1495104 519 63
1495912 520 76
1496724 518 67
1497536 518 78
1498352 519 82
1499168 519 66
1499976 518 92
1500788 519 71
1501600 519 75
1502416 518 70
1503224 519 69
1504036 519 91
1504848 519 62
1505664 519 86
1506480 519 79
1507288 519 68
1508096 518 86
1508912 521 69
1509728 520 77
1510544 518 77
1511352 519 77
1512164 518 85
1512976 519 63
1513792 518 89
1514608 518 71
1515420 520 71
1516228 518 80
1517040 519 66
1517856 519 71
1518672 519 71
1519484 519 76
1520292 518 81
1521104 519 58
1521920 519 88
1522736 519 70
1523548 518 70
1524352 518 80
1525168 518 64
1525984 519 72
1526800 517 71
1527608 518 70
1528420 518 83
1529232 519 57
1530048 519 82
1530860 518 71
1531668 519 63
1532488 518 85
1533304 519 65
1534120 520 74
1534932 518 72
1535740 520 65
1536560 518 69
1537376 518 63
1538192 518 70
1539000 519 83
1539808 519 62
1540624 517 81
1541440 519 72
1542256 518 62
1543064 518 83
1543872 518 60
1544688 518 61
1545504 517 77
1546320 518 56
1547128 518 67
1547936 517 63
1548752 519 62
1549568 518 66
1550384 518 65
1551196 518 62
1552004 517 81
1552816 517 53
1553632 517 69
1554448 517 75
1555256 518 57
1556064 517 78
1556880 517 70
1557696 517 53
1558504 518 80
1559312 517 61
1560128 517 57
1560944 517 78
1561760 518 58
1562568 518 60
1563376 517 78
1564192 517 58
1565008 517 62
1565824 517 74
1566636 517 54
1567444 517 68
1568256 517 64
1569072 518 44
1569888 517 62
1570696 517 55
1571504 518 22
1572320 516 59
1573136 514 40
1573952 515 33
1574764 516 61
1575568 515 47
1576384 516 3
1577156 514 74
1577968 515 54
1578776 516 64
1579592 516 77
1580408 516 49
1581224 517 71
1582036 517 73
1582844 517 49
1583656 518 71
1584472 517 70
1585288 517 50
1586096 518 74
1586908 516 66
1587720 517 53
1588536 518 76
1589352 518 63
1590164 517 51
1590972 516 74
1591784 516 60
1592600 517 53
1593416 516 76
1594228 516 59
1595044 517 50
1595856 516 75
1596672 516 53
1597488 517 48
1598296 517 75
1599108 516 47
1599920 517 53
1600736 515 66
1601552 516 54
1602360 517 56
1603168 516 76
1603984 516 54
1604800 516 55
1605608 516 76
1606416 517 55
1607232 517 55
1608048 516 74
1608864 516 54
1609672 518 58
1610480 517 71
1611296 517 50
1612112 517 57
1612928 516 74
1613736 517 56
1614544 517 55
1615360 517 73
1616176 517 52
1616992 517 56
1617800 516 70
1618608 516 45
1619424 517 43
1620240 515 70
1621056 515 33
1621864 515 53
1622672 516 68
1623488 515 48
1624304 516 59
1625120 515 68
1625928 517 50
1626736 517 63
1627552 516 67
1628368 517 51
1629176 517 62
1629984 516 58
1630800 516 50
1631616 518 63
1632432 517 69
1633240 516 53
1634052 518 65
1634864 516 58
1635680 517 48
1636496 517 61
1637304 516 63
1638116 517 54
1638928 517 64
1639740 517 61
1640556 516 54
1641368 516 64
1642176 517 50
1642992 518 49
1643808 516 62
1644624 516 53
1645432 517 55
1646240 516 63
1647052 516 58
1647872 517 53
1648688 517 64
1649496 516 54
1650304 518 59
1651120 517 56
1651936 517 58
1652752 518 62
1653560 517 83
1654368 517 53
1655184 518 63
1656000 517 80
1656808 517 52
1657616 516 65
1658432 516 74
1659248 517 50
1660064 517 72
1660872 517 75
1661680 517 49
1662496 517 73
1663312 516 70
1664128 517 47
1664936 517 74
1665744 516 63
1666560 516 45
1667372 518 74
1668192 516 60
1669000 516 11
1669808 515 71
1670624 514 53
1671440 515 47
1672256 516 79
1673064 516 53
1673872 516 60
1674688 516 74
1675504 517 61
1676320 517 60
1677128 517 76
1677936 517 50
1678752 517 59
1679568 516 73
1680376 517 54
1681184 517 61
1682000 517 76
1682812 517 52
1683632 517 64
1684440 516 70
1685248 518 56
1686064 517 65
1686880 516 63
1687696 517 54
1688504 517 64
1689312 517 55
1690128 517 54
1690944 516 65
1691760 516 55
1692568 517 51
1693376 517 66
1694192 516 60
1695008 517 55
1695824 517 60
1696632 516 60
1697440 518 59
1698256 517 57
1699072 517 58
1699888 517 61
1700696 517 57
1701504 517 49
1702320 517 61
1703136 517 80
1703952 517 52
1704760 517 61
1705568 518 81
1706384 517 49
1707200 517 64
1708008 517 76
1708816 517 51
1709632 517 64
1710448 516 76
1711264 517 50
1712072 517 62
1712880 516 73
1713696 516 48
1714512 517 57
1715328 516 75
1716136 516 46
1716944 517 56
1717760 517 72
1718576 516 48
1719392 516 63
1720200 516 78
1721008 516 51
1721824 517 62
1722640 517 76
1723456 517 49
1724264 516 61
1725072 517 79
1725888 516 51
1726704 517 64
1727520 516 80
1728328 516 52
1729136 517 60
1729952 517 79
1730768 516 50
1731576 516 58
1732384 517 79
1733200 516 53
1734016 517 55
1734832 517 54
1735640 517 58
1736448 517 53
1737264 516 58
1738080 516 53
1738896 516 44
1739704 515 53
1740512 513 39
1741328 515 46
1742144 516 58
1742960 515 50
1743768 516 48
1744576 516 64
1745392 515 52
1746208 517 48
1747024 517 60
1747832 516 63
1748640 517 50
1749456 517 63
1750272 516 65
1751088 516 51
1751896 516 59
1752704 516 66
1753520 516 47
1754336 517 55
1755152 516 72
1755964 516 49
1756772 517 55
1757584 516 72
1758400 517 52
1759208 517 53
1760020 516 73
1760832 516 44
1761648 517 44
1762460 516 68
1763272 515 47
1764080 515 2
1764852 514 70
1765672 514 47
1766488 515 43
1767296 516 69
1768104 515 54
1768920 515 47
1769736 516 70
1770552 517 67
1771360 516 45
1772168 517 67
1772984 516 68
1773800 516 43
1774616 517 60
1775424 517 73
1776232 516 48
1777048 516 58
1777864 516 77
1778672 516 53
1779484 517 55
1780296 517 58
1781112 515 55
1781928 516 51
1782736 516 58
1783544 516 11
1784360 515 47
1785176 515 56
1785992 516 63
1786804 516 37
1787608 516 54
1788424 515 59
1789240 517 38
1790056 516 53
1790868 515 69
1791684 516 54
1792496 517 52
1793312 516 74
1794128 516 54
1794936 517 48
1795744 516 72
1796560 516 57
1797376 516 46
1798192 517 70
1799004 516 63
1799808 516 45
1800624 517 69
1801440 517 65
1802256 517 45
1803064 516 63
1803872 516 68
1804688 517 48
1805504 516 61
1806312 517 73
1807120 516 46
1807936 516 47
1808752 516 76
1809568 514 46
1810376 516 49
1811184 516 52
1812000 516 53
1812816 516 55
1813632 516 59
1814440 517 60
1815248 517 52
1816064 517 63
1816880 516 59
1817696 516 57
1818504 517 62
1819312 517 43
1820128 517 55
1820944 517 65
1821760 516 48
1822568 517 53
1823376 517 63
1824192 516 61
1825008 517 53
1825824 516 63
1826632 516 45
1827440 518 58
1828256 517 62
1829072 517 65
1829880 517 53
1830688 516 61
1831504 516 55
1832320 517 53
1833136 516 52
1833944 516 57
1834752 516 46
1835568 516 77
1836384 515 54
1837200 518 64
1838008 517 80
1838820 517 49
1839632 518 70
1840448 517 76
1841264 517 51
1842076 518 75
1842884 518 73
1843696 517 54
1844512 517 81
1845328 517 68
1846136 517 52
1846944 517 81
1847760 517 58
1848576 517 58
1849392 517 83
1850200 518 57
1851008 518 64
1851824 517 74
1852640 518 57
1853456 518 68
1854264 516 66
1855072 517 52
1855888 518 68
1856704 517 17
1857512 516 55
1858320 514 50
1859136 512 46
1859952 514 54
1860768 515 80
1861576 517 54
1862384 517 74
1863200 517 72
1864016 517 58
1864832 516 78
1865640 517 69
1866448 517 59
1867264 516 80
1868080 517 58
1868896 519 68
1869704 517 72
1870512 518 60
1871328 518 70
1872144 517 52
1872960 518 66
1873768 517 92
1874576 517 62
1875392 518 71
1876208 518 78
1877024 518 54
1877832 517 79
1878644 518 71
1879456 517 57
1880272 517 81
1881080 518 61
1881888 518 59
1882704 517 80
1883520 517 56
1884336 518 61
1885144 516 72
1885952 517 54
1886768 517 68
1887584 516 63
1888400 518 61
1889208 518 68
1890016 517 68
1890832 517 59
1891648 518 64
1892464 517 57
1893276 518 61
1894084 518 83
1894896 517 55
1895712 518 66
1896528 517 81
1897336 517 55
1898144 517 68
1898960 517 74
1899776 516 50
1900592 518 67
1901404 517 72
1902212 517 49
1903024 517 68
1903840 516 70
1904656 517 47
1905464 517 68
1906276 517 69
1907088 516 46
1907904 515 66
1908712 517 69
1909524 517 48
1910336 518 67
1911152 517 72
1911968 516 48
1912780 517 63
1913588 517 70
1914400 516 45
1915216 517 63
1916032 516 76
1916844 516 50
1917652 517 63
1918464 517 80
1919280 517 53
1920096 516 56
1920904 516 56
1921712 516 53
1922528 517 53
1923344 517 60
1924160 515 51
1924968 516 49
1925776 516 61
1926592 516 64
1927408 516 47
1928224 517 45
1929032 515 63
1929840 515 16
1930656 515 47
1931472 515 71
1932284 515 51
1933088 516 45
1933904 516 71
1934720 516 54
1935536 517 40
1936344 516 65
1937152 516 60
1937968 515 43
1938784 516 59
1939600 517 73
1940408 515 47
1941216 516 51
1942032 517 56
1942848 515 53
1943664 516 47
1944476 517 57
1945284 515 51
1946096 516 44
1946912 516 54
1947728 515 70
1948536 516 47
1949344 518 47
1950160 516 69
1950976 515 51
1951792 516 43
1952604 516 66
1953408 515 58
1954224 515 35
1955040 516 53
1955856 516 67
1956664 515 41
1957472 515 49
1958288 515 53
1959104 515 43
1959912 516 47
1960724 516 56
1961536 515 64
1962352 517 44
1963168 516 51
1963980 515 69
1964788 515 48
1965600 516 46
1966416 515 71
1967232 516 56
1968040 516 43
1968848 516 69
1969664 516 61
1970480 516 43
1971296 517 62
1972104 516 71
1972912 515 48
1973728 516 56
1974544 516 53
1975360 516 55
1976168 517 45
1976976 516 57
1977792 515 51
1978608 515 37
1979424 517 50
1980232 515 62
1981040 515 42
1981856 516 50
1982672 515 70
1983484 516 50
1984292 516 47
1985104 515 73
1985920 516 58
1986736 516 47
1987544 517 72
1988352 516 65
1989168 517 44
1989984 517 68
1990800 516 67
1991608 516 45
1992416 517 61
1993232 517 70
1994048 516 47
1994864 517 58
1995676 517 78
1996484 516 51
1997296 517 55
1998112 516 53
1998928 516 50
1999736 517 49
2000544 516 55
2001360 515 57
2002176 518 53
2002992 517 62
2003800 516 50
2004608 516 50
2005424 516 64
2006240 516 55
2007056 517 55
2007864 516 63
2008672 517 59
2009488 517 52
2010304 517 65
2011112 516 64
2011920 517 50
2012736 517 61
2013552 517 67
2014368 517 52
2015180 518 60
2015988 517 68
2016800 517 50
2017616 517 61
2018432 516 73
2019240 517 50
2020048 517 59
2020864 516 70
2021680 517 44
2022496 516 3
2023260 514 49
2024072 512 14
2024888 513 46
2025704 514 64
2026520 514 41
2027328 516 62
2028140 516 69
2028952 518 51
2029768 517 63
2030576 517 67
2031384 517 49
2032200 517 63
2033016 517 69
2033832 517 53
2034644 517 63
2035452 516 65
2036264 517 54
2037080 517 61
2037896 516 67
2038708 517 49
2039516 517 64
2040328 516 67
2041144 517 51
2041960 518 63
2042772 516 64
2043580 517 51
2044400 516 59
2045216 516 41
2046032 516 46
2046844 516 56
2047652 515 65
2048468 517 45
2049276 516 59
2050096 516 58
2050904 516 45
2051712 517 60
2052528 515 63
2053344 516 50
2054160 517 59
2054968 516 70
2055776 518 48
2056592 518 59
2057408 516 67
2058216 517 51
2059024 517 55
2059840 515 73
2060656 516 51
2061472 518 57
2062280 516 74
2063088 516 51
2063904 517 53
2064720 516 72
2065536 516 47
2066344 517 48
2067152 515 66
2067968 516 53
2068784 517 42
2069600 516 70
2070408 514 46
2071216 515 39
2072032 515 68
2072848 516 57
2073664 515 47
2074472 516 70
2075280 517 66
2076096 517 45
2076912 516 64
2077728 516 69
2078536 516 44
2079344 517 61
2080160 516 71
2080972 516 47
2081784 517 57
2082592 516 78
2083408 516 50
2084224 516 53
2085040 516 60
2085848 516 55
2086656 516 50
2087472 517 59
2088288 516 57
2089104 516 47
2089912 517 56
2090720 515 65
2091536 516 43
2092352 516 49
2093168 516 68
2093976 515 41
2094784 517 45
2095600 515 63
2096416 515 54
2097232 516 39
2098040 516 67
2098848 516 59
2099664 516 40
2100480 516 59
2101296 516 70
2102104 515 45
2102912 517 53
2103728 517 51
2104544 515 48
2105360 516 50
2106168 517 58
2106976 516 49
2107792 516 46
2108608 516 54
2109416 516 59
2110228 516 45
2111040 516 50
2111856 516 70
2112672 516 49
2113480 516 39
2114288 515 65
2115104 515 51
2115920 515 25
2116736 514 53
2117544 515 63
2118352 515 38
2119168 517 50
2119984 515 51
2120800 515 49
2121608 516 47
2122416 517 57
2123232 516 53
2124048 516 43
2124864 516 54
2125672 515 65
2126480 516 43
2127296 516 48
2128112 516 67
2128928 515 49
2129736 516 46
2130544 516 67
2131360 516 61
2132176 516 38
2132984 516 60
2133792 516 66
2134608 515 42
2135424 517 52
2136240 516 47
2137048 515 49
2137856 514 33
2138672 516 54
2139488 515 47
2140304 514 30
2141112 516 0
2141880 514 49
2142696 516 35
2143512 515 53
2144328 515 59
2145136 516 47
2145944 516 52
2146760 516 68
2147576 516 47
2148392 516 42
2149200 517 71
2150008 516 58
2150824 516 44
2151640 517 70
2152456 516 62
2153264 516 42
2154072 516 69
2154888 516 66
2155704 516 42
2156512 517 59
2157320 516 70
2158136 516 46
2158952 516 58
2159768 517 74
2160580 515 49
2161384 516 49
2162200 517 55
2163016 516 53
2163832 516 51
2164640 516 60
2165448 516 50
2166264 516 52
2167080 517 63
2167896 515 49
2168704 517 52
2169512 516 64
2170328 516 54
2171144 517 54
2171960 517 64
2172768 517 58
2173580 516 55
2174392 517 63
2175208 517 58
2176024 518 56
2176832 517 66
2177640 516 56
2178456 517 52
2179272 517 65
2180080 517 54
2180888 517 55
2181704 518 64
2182520 515 47
2183336 516 48
2184144 517 61
2184952 517 58
2185768 517 51
2186584 516 55
2187400 516 59
2188208 516 61
2189016 518 84
2189832 517 57
2190648 517 63
2191464 517 81
2192272 517 52
2193080 518 70
2193896 517 77
2194712 517 53
2195528 518 78
2196336 517 75
2197148 518 54
2197960 518 79
2198776 517 68
2199592 517 56
2200404 517 82
2201208 518 64
2202024 518 57
2202840 517 83
2203656 517 60
2204464 517 63
2205272 518 80
2206088 518 56
2206904 517 63
2207712 516 68
2208524 517 51
2209336 518 69
2210152 517 53
2210968 517 58
2211780 518 65
2212588 517 64
2213400 518 63
2214216 518 87
2215032 517 53
2215844 519 69
2216648 518 79
2217464 517 56
2218280 518 77
2219096 517 75
2219908 517 55
2220716 518 81
2221528 518 65
2222344 518 58
2223160 517 83
2223972 517 63
2224780 518 60
2225600 518 82
2226416 518 59
2227232 518 65
2228040 517 77
2228848 519 57
2229664 519 67
2230480 517 65
2231288 518 53
2232100 517 68
2232912 517 52
2233728 518 61
2234544 518 63
2235356 517 60
2236164 518 61
2236976 517 57
2237792 517 55
2238608 517 61
2239420 517 79
2240228 517 57
2241048 517 66
2241864 518 80
2242680 518 53
2243488 518 68
2244296 517 74
2245112 517 47
2245928 518 66
2246744 516 71
2247552 516 49
2248364 517 71
2249176 517 71
2249992 517 49
2250808 518 69
2251620 517 69
2252428 516 48
2253240 517 70
2254056 517 68
2254872 517 47
2255680 518 67
2256488 517 69
2257304 516 45
2258120 516 65
2258928 517 70
2259736 516 43
2260552 516 61
2261368 516 72
2262184 516 47
2262992 517 60
2263804 516 74
2264616 517 49
2265432 517 56
2266248 517 56
2267056 516 49
2267864 516 52
2268680 518 57
2269496 516 45
2270312 518 51
2271124 516 60
2271932 516 57
2272744 517 49
2273560 516 60
2274376 516 65
2275188 517 48
2275996 516 53
2276808 516 70
2277624 516 45
2278440 516 48
2279248 516 72
2280056 516 49
2280872 516 42
2281688 516 67
2282504 516 53
2283312 516 40
2284124 516 64
2284936 516 64
2285752 516 43
2286564 516 56
2287368 516 71
2288184 515 43
2289000 516 48
2289816 516 56
2290628 516 48
2291436 517 48
2292248 516 58
2293064 516 61
2293880 517 45
2294688 516 50
2295496 517 69
2296312 516 45
2297128 516 47
2297944 515 67
2298752 515 55
2299564 516 42
2300376 516 65
2301192 516 63
2302008 516 40
2302816 516 59
2303628 516 69
2304440 515 46
2305256 516 50
2306072 517 53
2306880 516 37
2307688 516 44
2308504 516 59
2309320 516 59
2310128 516 45
2310936 516 53
2311752 516 68
2312568 517 47
2313384 516 50
2314196 516 70
2315004 516 49
2315816 516 44
2316632 516 70
2317448 516 59
2318256 517 44
2319064 516 67
2319880 516 64
2320696 516 43
2321512 517 60
2322324 517 73
2323128 516 46
2323944 516 56
2324760 516 51
2325576 516 52
2326388 517 49
2327196 516 53
2328008 513 42
2328824 515 33
2329640 515 57
2330448 515 57
2331256 516 43
2332072 517 60
2332888 516 68
2333704 517 47
2334516 518 58
2335324 517 70
2336136 518 48
2336952 517 52
2337760 516 73
2338568 516 51
2339384 518 53
2340200 516 74
2341016 517 55
2341828 517 48
2342632 517 73
2343448 516 56
2344264 517 48
2345080 517 75
2345888 516 64
2346696 517 51
2347512 517 74
2348328 517 63
2349144 517 43
2349952 517 71
2350764 516 61
2351584 517 47
2352400 518 70
2353216 516 65
2354028 516 46
2354836 516 70
2355648 516 70
2356464 517 49
2357280 517 67
2358088 516 70
2358896 517 46
2359712 517 67
2360528 517 70
2361336 517 48
2362148 517 70
2362960 517 72
2363776 516 47
2364592 517 67
2365404 517 70
2366212 516 48
2367024 517 71
2367840 518 71
2368656 518 49
2369464 517 70
2370276 516 72
2371088 517 45
2371904 518 63
2372720 517 66
2373532 515 48
2374340 517 62
2375152 516 66
2375968 515 26
2376784 516 60
2377596 515 71
2378404 516 47
2379216 517 65
2380032 516 72
2380848 518 45
2381656 518 68
2382464 516 73
2383280 516 49
2384096 517 68
2384912 517 77
2385724 517 46
2386532 517 65
2387344 518 73
2388160 516 50
2388968 518 64
2389776 518 73
2390592 517 51
2391408 517 65
2392224 516 77
2393036 517 49
2393844 517 62
2394664 517 75
2395480 517 47
2396296 517 59
2397108 516 73
2397916 516 50
2398736 517 57
2399552 516 77
2400368 517 49
2401176 517 53
2401984 517 53
2402800 516 48
2403616 516 56
2404432 516 53
2405244 516 54
2406048 518 56
2406864 517 55
2407680 515 58
2408496 517 55
2409304 517 59
2410112 516 59
2410928 517 52
2411744 518 59
2412560 516 44
2413372 517 54
2414180 517 61
2414992 516 58
2415808 518 49
2416620 517 60
2417428 515 57
2418240 517 43
2419056 517 58
2419872 515 59
2420680 516 35
2421488 517 51
2422304 515 65
2423120 515 39
2423936 516 52
2424748 515 69
2425564 516 44
2426376 517 54
2427192 516 72
2428008 516 54
2428816 518 50
2429624 517 71
2430440 516 52
2431256 517 45
2432072 516 72
2432880 516 63
2433688 516 46
2434504 517 69
2435320 516 65
2436136 516 44
2436948 517 66
2437756 516 68
2438568 516 42
2439384 516 56
2440200 515 73
2441008 516 48
2441816 517 51
2442632 517 54
2443448 514 43
2444256 515 44
2445068 515 56
2445880 515 44
2446696 516 38
2447512 516 57
2448324 515 28
2449128 516 45
2449944 516 58
2450760 516 66
2451576 517 46
2452388 516 52
2453196 516 69
2454016 516 52
2454832 517 47
2455648 518 73
2456460 516 57
2457276 516 43
2458088 515 69
2458904 516 60
2459720 516 42
2460528 516 66
2461336 516 67
2462152 516 45
2462968 517 61
2463784 516 72
2464596 516 44
2465400 516 52
2466216 517 52
2467032 515 48
2467848 516 44
2468656 516 56
2469464 516 27
2470280 515 47
2471096 516 60
2471904 516 61
2472712 516 46
2473528 516 56
2474344 516 64
2475160 516 48
2475972 517 52
2476780 517 70
2477592 516 49
2478408 516 48
2479224 516 69
2480032 516 56
2480840 516 44
2481656 516 67
2482472 517 61
2483288 516 45
2484096 516 65
2484904 516 67
2485720 517 45
2486536 517 60
2487352 516 68
2488164 516 42
2488968 516 52
2489784 516 58
2490600 515 46
2491416 517 43
2492224 516 57
2493032 515 34
2493848 516 44
2494664 516 61
2495476 517 50
2496284 517 45
2497096 516 60
2497912 515 62
2498728 517 45
2499536 517 58
2500344 515 66
2501160 516 47
2501976 517 55
2502792 516 72
2503604 516 48
2504408 517 51
2505224 516 72
2506040 517 51
2506856 517 53
2507668 516 71
2508484 517 53
2509296 517 47
2510112 516 73
2510928 516 50
2511740 517 45
2512548 516 66
2513360 515 56
2514176 516 39
2514992 516 73
2515804 516 58
2516620 517 47
2517432 517 73
2518248 516 61
2519064 517 51
2519872 517 72
2520684 517 66
2521504 517 47
2522320 518 75
2523128 517 64
2523940 516 48
2524752 517 76
2525568 516 65
2526384 517 49
2527196 517 78
2528004 517 66
2528824 518 51
2529640 517 79
2530456 517 62
2531268 518 54
2532076 517 77
2532888 517 56
2533704 517 53
2534520 517 78
2535332 517 56
2536140 518 54
2536952 516 76
2537768 516 54
2538584 517 54
2539396 517 76
2540204 516 49
2541024 518 65
2541840 517 77
2542656 517 56
2543468 518 68
2544276 517 70
2545088 518 57
2545904 518 70
2546720 518 56
2547532 518 60
2548340 518 65
2549152 518 61
2549968 518 63
2550780 517 85
2551588 517 56
2552400 518 67
2553216 518 79
2554032 517 54
2554844 517 74
2555652 518 75
2556472 518 53
2557288 517 80
2558104 517 70
2558916 517 51
2559732 518 79
2560556 517 60
2561364 517 57
2562180 518 79
2562992 517 51
2563800 517 61
2564616 517 78
2565432 518 56
2566248 517 68
2567056 517 68
2567864 518 57
2568680 518 71
2569496 517 52
2570312 518 62
2571120 518 62
2571928 517 60
2572744 519 65
2573560 517 84
2574376 518 54
2575184 518 74
2575996 518 75
2576808 517 54
2577624 517 79
2578440 517 70
2579248 518 55
2580056 517 81
2580872 518 64
2581688 518 61
2582496 518 82
2583304 517 57
2584120 518 63
2584936 517 74
2585752 518 52
2586560 518 66
2587368 517 67
2588184 518 58
2589000 519 68
2589816 518 54
2590624 517 57
2591436 517 65
2592248 517 60
2593064 518 60
2593880 518 59
2594688 518 57
2595496 518 63
2596312 517 81
2597128 517 53
2597944 518 63
2598756 517 77
2599560 517 50
2600376 517 64
2601192 517 74
2602008 517 51
2602816 518 72
2603624 517 76
2604440 517 51
2605256 517 69
2606064 518 73
2606876 517 49
2607688 517 70
2608504 518 67
2609320 517 48
2610128 518 70
2610940 517 66
2611752 517 46
2612568 517 70
2613384 517 66
2614192 517 46
2615000 517 68
2615816 517 68
2616632 516 50
2617448 517 68
2618256 517 71
2619064 517 47
2619880 517 66
2620696 516 70
2621512 516 46
2622320 517 64
2623128 516 72
2623944 516 48
2624760 517 61
2625576 516 74
2626384 517 51
2627192 518 56
2628008 516 57
2628820 517 50
2629640 517 55
2630448 517 54
2631256 515 54
2632072 517 50
2632888 517 58
2633696 516 46
2634504 517 44
2635320 516 59
2636136 515 53
2636952 516 44
2637760 516 59
2638568 516 62
2639384 517 47
2640200 516 55
2641016 517 67
2641824 517 46
2642632 517 52
2643448 516 69
2644264 516 49
2645080 516 50
2645888 515 73
2646696 516 53
2647512 516 44
2648328 516 70
2649144 516 57
2649952 516 45
2650760 516 69
2651576 516 61
2652392 516 48
2653208 516 65
2654016 517 66
2654824 517 46
2655640 518 62
2656456 517 71
2657264 516 44
2658072 516 58
2658888 516 72
2659704 516 49
2660520 517 52
2661328 516 56
2662136 516 51
2662952 516 50
2663768 517 62
2664584 516 46
2665392 516 51
2666200 517 58
2667016 516 60
2667832 518 50
2668648 517 61
2669456 516 63
2670264 516 46
2671080 516 60
2671896 516 68
2672712 517 51
2673520 516 53
2674328 516 72
2675144 517 50
2675960 517 53
2676776 516 73
2677584 516 49
2678392 517 49
2679208 516 71
2680024 517 49
2680840 517 48
2681648 516 73
2682456 517 51
2683272 516 42
2684088 516 70
2684896 516 54
2685704 516 46
2686520 516 73
2687336 516 60
2688152 516 51
2688960 518 74
2689768 517 61
2690584 517 48
2691400 517 73
2692216 517 64
2693024 517 49
2693832 517 71
2694648 517 63
2695464 518 48
2696280 517 74
2697088 516 65
2697896 516 48
2698712 517 75
2699528 517 64
2700344 516 46
2701152 517 72
2701960 516 62
2702776 518 46
2703592 517 71
2704408 517 60
2705216 516 44
2706024 517 69
2706840 516 60
2707656 517 46
2708464 517 74
2709272 518 61
2710088 517 51
2710904 517 76
2711720 517 63
2712528 518 51
2713336 517 78
2714152 517 60
2714968 518 51
2715784 517 76
2716592 518 60
2717400 518 47
2718216 516 76
2719032 517 58
2719848 518 52
2720660 517 75
2721464 518 55
2722280 518 53
2723096 517 75
2723912 516 54
2724720 516 54
2725528 517 75
2726344 516 51
2727160 515 44
2727976 515 73
2728784 516 47
2729592 516 9
2730364 514 69
2731184 515 31
2731996 516 57
2732804 516 68
2733616 517 53
2734432 518 62
2735248 516 66
2736056 518 53
2736864 517 64
2737680 516 62
2738496 518 51
2739312 517 62
2740120 516 63
2740928 518 56
2741744 518 64
2742560 516 60
2743376 517 54
2744184 518 64
2744996 517 50
2745808 518 55
2746624 517 64
2747440 517 54
2748248 518 57
2749056 518 63
2749872 517 47
2750688 517 52
2751504 516 62
2752316 516 57
2753120 517 48
2753936 516 61
2754752 516 0
2755520 516 54
2756328 517 57
2757144 516 54
2757960 517 56
2758776 517 62
2759584 516 57
2760396 517 55
2761208 517 56
2762024 517 54
2762840 518 58
2763652 517 57
2764460 516 56
2765272 517 56
2766088 517 61
2766904 516 57
2767712 517 56
2768520 518 60
2769336 516 58
2770152 518 54
2770968 517 62
2771776 517 41
2772584 517 50
2773400 516 60
2774216 517 24
2775028 517 43
2775836 517 57
2776648 516 46
2777464 516 43
2778280 517 60
2779088 516 58
2779896 516 45
2780712 517 61
2781528 516 59
2782344 516 47
2783156 517 59
2783964 516 64
2784776 517 48
2785592 517 58
2786408 516 65
2787216 517 48
2788032 517 55
2788848 517 71
2789664 517 51
2790480 516 52
2791288 516 75
2792096 516 49
2792912 517 51
2793728 516 71
2794544 517 53
2795356 517 46
2796164 516 73
2796976 516 50
2797792 516 42
2798608 515 62
2799416 515 47
2800228 515 38
2801040 516 68
2801856 516 60
2802664 517 43
2803472 517 66
2804288 516 63
2805104 516 45
2805920 517 64
2806728 517 71
2807536 516 46
2808352 517 62
2809168 516 70
2809984 516 41
2810792 516 55
2811604 517 74
2812416 516 50
2813232 517 56
2814048 517 56
2814860 516 51
2815668 518 57
2816480 517 58
2817292 516 51
2818112 517 50
2818920 517 59
2819728 516 41
2820544 516 48
2821360 516 62
2822176 515 54
2822984 516 43
2823792 516 55
2824608 515 58
2825424 516 39
2826236 516 57
2827044 516 64
2827856 517 48
2828672 517 58
2829488 517 69
2830296 517 48
2831104 517 54
2831920 516 71
2832736 517 52
2833552 517 50
2834364 517 73
2835172 517 51
2835984 517 47
2836800 516 71
2837616 516 51
2838424 517 49
2839232 517 72
2840048 516 60
2840864 517 48
2841680 516 73
2842488 518 62
2843296 517 47
2844112 517 70
2844928 517 60
2845744 517 45
2846556 516 68
2847364 516 59
2848176 517 44
2848992 517 67
2849808 517 66
2850616 516 43
2851424 517 66
2852240 517 69
2853056 517 44
2853868 517 64
2854676 517 73
2855488 518 50
2856304 517 64
2857120 517 75
2857928 516 46
2858736 518 63
2859552 517 73
2860368 516 48
2861184 516 60
2861996 517 78
2862804 516 52
2863624 517 58
2864440 517 77
2865256 516 54
2866068 517 55
2866884 516 52
2867696 516 51
2868512 517 56
2869328 518 52
2870136 516 54
2870944 517 57
2871760 517 59
2872576 517 55
2873392 516 57
2874204 517 55
2875008 517 50
2875824 518 59
2876640 518 83
2877456 517 57
2878264 517 62
2879072 518 80
2879888 517 51
2880704 518 63
2881512 517 77
2882320 517 50
2883136 518 64
2883952 517 74
2884768 517 53
2885576 519 74
2886384 517 75
2887200 518 52
2888016 517 75
2888832 518 67
2889640 517 50
2890448 517 74
2891264 517 59
2892080 516 28
2892896 516 76
2893704 517 58
2894512 516 46
2895328 517 77
2896144 518 59
2896960 517 54
2897768 518 79
2898576 517 56
2899392 518 61
2900208 517 75
2901024 518 52
2901832 518 67
2902644 516 68
2903456 518 56
2904272 518 68
2905080 517 51
2905892 518 57
2906704 517 62
2907520 518 64
2908336 518 65
2909144 520 84
2909952 518 56
2910768 518 72
2911584 517 77
2912400 517 53
2913208 518 76
2914020 517 68
2914832 518 53
2915648 517 82
2916464 519 63
2917276 519 53
2918084 517 78
2918896 517 53
2919712 518 62
2920528 517 74
2921336 519 53
2922144 519 67
2922960 517 67
2923776 518 60
2924592 518 68
2925404 517 64
2926212 518 62
2927024 518 59
2927840 518 56
2928656 519 70
2929464 518 82
2930272 518 54
2931088 518 75
2931904 518 74
2932716 519 54
2933524 518 81
2934336 518 64
2935152 518 56
2935968 518 81
2936780 518 60
2937588 517 59
2938400 517 78
2939216 518 55
2940032 518 66
2940844 516 70
2941652 517 57
2942464 518 67
2943280 517 57
2944096 518 56
2944904 517 63
2945712 517 62
2946528 518 63
2947344 517 57
2948160 517 60
2948968 519 63
2949780 518 81
2950592 517 51
2951408 517 66
2952224 518 79
2953032 517 51
2953840 517 69
2954656 518 73
2955472 517 51
2956284 517 71
2957092 517 69
2957904 517 50
2958720 518 71
2959536 518 67
2960348 517 49
2961152 517 73
2961968 517 65
2962784 517 47
2963600 517 72
2964408 516 63
2965216 517 47
2966032 517 72
2966848 516 62
2967664 516 45
2968476 516 71
2969284 516 62
2970096 518 48
2970912 517 71
2971728 517 64
2972536 517 46
2973344 517 69
2974160 517 64
2974976 517 48
2975792 518 69
2976604 517 66
2977408 516 46
2978224 517 67
2979040 517 67
2979856 516 45
2980664 517 64
2981472 517 72
2982288 516 48
2983104 518 64
2983912 517 72
2984724 516 48
2985536 517 56
2986352 517 72
2987168 517 47
2987980 517 51
2988788 517 52
2989600 516 53
2990416 517 48
2991232 516 56
2992044 516 46
2992848 516 46
2993664 516 59
2994480 516 55
2995296 517 40
2996104 516 58
2996912 516 67
2997728 517 46
2998544 517 53
2999360 516 68
3000172 516 47
3000980 507 310
3001848 511 442
3002712 510 446
3003576 509 303
3004440 508 352
3005300 508 513
3006156 509 364
3007016 507 330
3007880 509 464
3008744 508 454
3009608 509 338
3010464 508 435
3011324 509 585
3012184 509 353
3013048 508 430
3013912 509 582
3014776 509 366
3015636 509 450
3016492 510 601
3017348 508 377
3018208 509 480
3019072 509 497
3019936 509 392
3020796 508 510
3021660 508 449
3022520 509 414
3023384 508 571
3024248 509 405
3025112 508 481
3025976 509 534
3026836 508 414
3027692 508 567
3028552 509 459
3029416 509 450
3030280 509 626
3031144 508 437
3032004 509 561
3032856 508 464
3033720 508 495
3034584 509 563
3035448 509 448
3036312 509 607
3037172 508 462
3038028 508 541
3038884 508 526
3039752 508 488
3040616 508 595
3041480 508 467
3042344 509 622
3043204 508 475
3044056 508 574
3044920 508 512
3045784 508 541
3046648 508 573
3047512 508 490
3048372 509 666
3049224 509 498
3050088 508 640
3050952 508 493
3051816 509 632
3052680 509 503
3053540 508 599
3054396 508 520
3055252 508 595
3056120 509 559
3056984 509 556
3057848 508 586
3058712 508 552
3059572 508 608
3060436 508 533
3061296 509 631
3062160 508 545
3063024 508 632
3063888 509 533
3064748 508 706
3065612 509 549
3066480 508 648
3067344 508 540
3068208 508 707
3069072 510 556
3069932 508 654
3070796 508 552
3071660 508 720
3072532 509 570
3073392 508 644
3074256 509 562
3075120 508 647
3075976 509 595
3076832 508 626
3077696 509 599
3078560 508 606
3079424 509 634
3080288 509 594
3081144 508 650
3082000 508 572
3082864 508 683
3083728 508 574
3084592 508 711
3085456 509 576
3086312 509 716
3087172 508 586
3088028 509 681
3088888 509 590
3089752 508 660
3090616 508 628
3091480 508 625
3092340 508 658
3093192 509 591
3094056 509 701
3094920 508 592
3095784 510 714
3096648 508 594
3097504 508 749
3098364 508 617
3099232 508 661
3100096 508 643
3100960 508 611
3101824 509 697
3102684 508 605
3103540 508 725
3104404 508 602
3105264 508 753
3106128 509 629
3106992 508 656
3107856 508 659
3108712 509 613
3109572 509 718
3110440 508 614
3111304 508 719
3112168 508 612
3113032 509 688
3113888 509 657
3114744 508 634
3115608 508 700
3116472 508 614
3117336 508 741
3118200 509 625
3119060 508 692
3119916 508 645
3120772 509 637
3121640 508 715
3122504 509 624
3123368 508 730
3124232 508 618
3125088 508 696
3125944 509 664
3126808 508 639
3127672 508 706
3128536 508 616
3129400 508 745
3130260 509 629
3131116 508 685
3131976 508 654
3132840 509 629
3133704 509 720
3134568 509 623
3135428 509 726
3136284 509 622
3137144 509 687
3138008 508 673
3138872 509 634
3139736 508 710
3140596 508 615
3141452 508 750
3142308 509 632
3143168 508 677
3144032 508 660
3144896 509 623
3145760 508 719
3146620 509 620
3147476 509 720
3148336 508 616
3149200 510 684
3150064 508 668
3150928 508 630
3151788 508 704
3152652 508 611
3153520 508 740
3154384 508 621
3155248 509 688
3156112 508 638
3156972 507 636
3157836 509 705
3158692 508 614
3159552 509 730
3160416 508 607
3161280 508 759
3162144 509 633
3163004 509 656
3163860 508 673
3164720 508 606
3165584 508 716
3166448 508 606
3167312 509 711
3168172 508 605
3169036 509 685
3169896 509 650
3170760 509 634
3171624 509 683
3172488 508 599
3173348 509 723
3174204 509 610
3175068 508 706
3175936 509 611
3176800 508 673
3177664 508 664
3178528 508 620
3179388 509 693
3180244 508 603
3181104 508 732
3181968 508 612
3182832 508 695
3183696 509 618
3184556 508 651
3185420 508 676
3186280 509 613
3187144 509 706
3188012 509 602
3188872 509 738
3189732 509 615
3190588 508 682
3191452 509 628
3192312 509 635
3193180 509 693
3194040 508 608
3194904 509 734
3195764 508 602
3196620 508 746
3197488 508 619
3198352 508 673
3199216 508 647
3200080 508 621
3200936 508 705
3201792 508 606
3202656 509 725
3203520 508 607
3204384 508 761
3205248 508 635
3206104 509 654
3206960 508 673
3207816 508 604
3208680 509 721
3209544 508 613
3210408 508 713
3211272 509 615
3212128 508 678
3212984 508 674
3213848 509 622
3214712 508 774
3215576 510 614
3216440 509 748
3217296 508 627
3218160 508 686
3219024 509 657
3219888 508 627
3220752 508 718
3221616 508 623
3222472 508 728
3223328 508 624
3224192 508 689
3225056 509 683
3225920 508 630
3226784 508 717
3227640 509 623
3228496 509 765
3229352 509 652
3230216 508 671
3231080 508 698
3231944 508 624
3232808 509 746
3233664 508 638
3234520 508 703
3235384 509 672
3236248 509 641
3237112 509 739
3237976 508 639
3238836 509 726
3239688 508 651
3240552 508 665
3241416 510 733
3242280 509 646
3243144 509 742
3244004 508 654
3244856 508 679
3245712 508 732
3246576 508 650
3247440 508 746
3248304 509 659
3249168 508 687
3250024 509 742
3250884 508 656
3251744 509 745
3252608 509 670
3253472 509 678
3254336 508 755
3255196 508 667
3256060 510 743
3256920 508 701
3257784 509 665
3258648 508 772
3259512 508 678
3260372 508 719
3261228 510 741
3262084 509 673
3262944 508 802
3263808 508 714
3264672 508 684
3265528 509 783
3266388 508 684
3267244 508 721
3268104 509 768
3268968 510 693
3269832 509 757
3270696 508 738
3271556 508 688
3272412 509 809
3273272 508 725
3274136 508 705
3275000 508 793
3275864 508 707
3276724 509 719
3277588 510 796
3278456 508 715
3279320 508 740
3280184 508 771
3281044 509 713
3281904 508 758
3282760 509 796
3283616 509 722
3284476 508 763
3285344 508 787
3286208 509 722
3287072 508 767
3287928 508 800
3288784 509 734
3289648 508 766
3290508 509 844
3291376 508 735
3292240 509 761
3293096 508 822
3293952 508 753
3294816 509 752
3295680 509 828
3296544 509 760
3297408 508 750
3298264 508 852
3299120 508 801
3299976 508 757
3300840 508 807
3301704 508 817
3302568 509 760
3303428 508 780
3304288 508 843
3305144 508 784
3306008 509 772
3306872 508 829
3307736 508 815
3308600 508 772
3309456 509 806
3310320 509 853
3311184 508 797
3312048 509 782
3312912 509 837
3313776 508 832
3314632 509 787
3315488 508 800
3316352 509 871
3317216 509 830
3318080 508 797
3318944 509 828
3319800 508 873
3320656 508 812
3321512 508 799
3322376 509 847
3323240 508 868
3324104 508 819
3324968 508 809
3325824 509 854
3326680 508 875
3327544 509 819
3328408 508 814
3329268 509 861
3330136 508 879
3330992 509 839
3331848 508 824
3332712 508 855
3333576 508 891
3334440 508 845
3335300 509 832
3336160 509 852
3337016 508 904
3337872 508 879
3338736 508 844
3339600 509 846
3340464 507 882
3341328 508 901
3342184 508 856
3343040 509 847
3343904 508 865
3344768 508 915
3345632 508 892
3346496 508 860
3347352 509 859
3348208 508 885
3349072 509 915
3349936 509 890
3350800 508 865
3351664 508 866
3352520 508 898
3353376 508 923
3354240 509 904
3355104 509 881
3355968 509 880
3356832 508 899
3357688 508 924
3358544 509 916
3359404 508 891
3360264 508 888
3361124 508 896
3361992 508 955
3362856 509 940
3363712 508 924
3364568 508 903
3365432 508 901
3366296 509 915
3367160 509 935
3368024 509 952
3368880 509 929
3369736 508 912
3370600 509 913
3371464 509 919
3372328 509 945
3373192 508 959
3374052 509 951
3374908 508 935
3375760 510 933
3376624 509 931
3377488 508 940
3378352 508 958
3379216 509 969
3380072 508 960
3380928 508 947
3381792 508 940
3382656 508 942
3383520 508 947
3384384 509 963
3385240 508 985
3386096 508 976
3386960 508 970
3387824 509 962
3388688 509 958
3389552 509 959
3390408 508 959
3391264 508 970
3392128 508 980
3392992 509 988
3393856 508 990
3394720 508 978
3395576 508 970
3396432 508 970
3397288 509 972
3398152 509 973
3399016 509 982
3399880 508 991
3400744 509 1005
3401644 508 999
3402504 509 998
3403368 509 992
3404232 508 986
3405096 508 985
3405960 509 987
3406816 508 985
3407672 509 991
3408528 509 999
3409392 508 1004
3410300 508 1007
3411204 509 1013
3412104 508 1006
3413012 509 1007
3413908 508 1004
3414812 509 1002
3415724 510 1007
3416628 509 1008
3417540 508 1009
3418452 508 1010
3419364 509 1014
3420268 509 1019
3421172 508 1023
3422076 508 1023
3422980 509 1023
3423892 508 1020
3424804 508 1020
3425716 508 1020
3426620 509 1018
3427532 508 1017
3428436 509 1019
3429340 509 1021
3430244 509 1022
3431148 508 1023
3432060 509 1023
3432972 509 1023
3433876 509 1023
3434780 509 1023
3435692 508 1023
3436604 508 1023
3437508 509 1023
3438412 508 1023
3439316 509 1023
3440228 508 1023
3441140 508 1023
3442052 509 1023
3442956 509 1023
3443860 508 1023
3444772 509 1023
3445668 508 1023
3446572 508 1023
3447476 508 1023
3448388 508 1023
3449300 508 1023
3450204 509 1023
3451116 508 1023
3452028 509 1023
3452940 509 1023
3453836 509 1023
3454740 508 1023
3455652 509 1023
3456564 509 1023
3457472 508 1023
3458380 508 1023
3459284 508 1023
3460196 508 1023
3461092 508 1023
3461996 509 1023
3462900 508 1023
3463812 508 1023
3464716 508 1023
3465620 508 1023
3466532 508 1023
3467436 508 1023
3468348 508 1023
3469252 510 1023
3470156 509 1023
3471060 508 1023
3471972 509 1023
3472884 508 1023
3473796 508 1023
3474700 509 1023
3475612 509 1023
3476524 509 1023
3477428 508 1023
3478332 508 1023
3479236 508 1023
3480148 508 1023
3481060 509 1023
3481972 509 1023
3482880 509 1023
3483784 508 1023
3484692 508 1023
3485588 508 1023
3486492 508 1023
3487404 508 1023
3488308 508 1023
3489212 509 1023
3490116 508 1023
3491020 509 1023
3491924 508 1023
3492828 509 1023
3493732 508 1023
3494636 509 1023
3495548 509 1023
3496452 509 1023
3497364 508 1023
3498268 508 1023
3499172 509 1023
3500084 508 1023
3500988 508 1023
3501892 508 1023
3502796 509 1023
3503708 509 1023
3504620 508 1023
3505532 508 1023
3506444 509 1023
3507356 508 1023
3508268 509 1023
3509164 509 1023
3510068 508 1023
3510972 508 1023
3511884 508 1023
3512796 509 1023
3513708 508 1023
3514620 508 1023
3515532 509 1023
3516444 508 1023
3517348 508 1023
3518256 509 1023
3519160 508 1023
3520068 509 1023
3520980 508 1023
3521884 509 1023
3522788 509 1023
3523700 508 1023
3524596 508 1023
3525500 508 1023
3526404 509 1023
3527312 509 1023
3528220 508 1023
3529132 508 1023
3530036 509 1023
3530940 509 1023
3531852 509 1023
3532756 508 1023
3533664 509 1023
3534564 509 1023
3535476 509 1023
3536380 509 1023
3537292 508 1023
3538196 508 1023
3539100 509 1023
3540012 508 1023
3540916 508 1023
3541820 508 1023
3542724 509 1023
3543636 509 1023
3544548 508 1023
3545460 508 1023
3546364 508 1023
3547276 508 1023
3548188 509 1023
3549092 509 1023
3549996 509 1023
3550900 508 1023
3551812 508 1023
3552724 508 1023
3553636 508 1023
3554548 508 1023
3555452 509 1023
3556364 509 1023
3557268 508 1023
3558172 508 1023
3559084 509 1023
3559996 508 1023
3560908 509 1023
3561820 508 1023
3562732 509 1023
3563644 508 1023
3564556 508 1023
3565452 508 1023
3566356 508 1023
3567268 508 1023
3568180 508 1023
3569092 509 1023
3569996 508 1023
3570908 508 1023
3571820 509 1023
3572724 508 1023
3573628 508 1023
3574532 509 1023
3575444 509 1023
3576356 509 1023
3577268 509 1023
3578180 508 1023
3579092 509 1023
3580004 508 1023
3580908 509 1023
3581812 509 1023
3582720 508 1023
3583628 508 1023
3584540 508 1023
3585452 509 1023
3586356 508 1023
3587260 508 1023
3588172 509 1023
3589068 509 1023
3589972 508 1023
3590876 508 1023
3591788 508 1023
3592700 508 1023
3593612 509 1023
3594524 508 1023
3595428 508 1023
3596340 509 1023
3597244 509 1023
3598148 508 1023
3599052 508 1023
3599964 508 1023
3600876 508 1023
3601788 508 1023
3602692 509 1023
3603604 508 1023
3604516 508 1023
3605412 509 1023
3606316 509 1023
3607220 507 1023
3608128 508 1023
3609036 509 1023
3609940 509 1023
3610840 508 1023
3611748 509 1023
3612644 509 1023
3613548 509 1023
3614452 509 1023
3615364 508 1023
3616268 509 1023
3617168 508 1023
3618076 508 1023
3618980 508 1023
3619884 509 1023
3620780 509 1023
3621684 509 1023
3622588 508 1023
3623500 508 1023
3624404 509 1023
3625316 509 1023
3626220 509 1023
3627124 508 1023
3628028 508 1023
3628940 510 1023
3629852 509 1023
3630764 508 1023
3631676 508 1023
3632588 509 1023
3633500 509 1023
3634412 509 1023
3635324 509 1023
3636236 509 1023
3637132 508 1023
3638036 508 1023
3638948 509 1023
3639860 507 1023
3640772 509 1023
3641684 508 1023
3642596 509 1023
3643500 508 1023
3644404 508 1023
3645308 508 1023
3646212 509 1023
3647124 508 1023
3648036 508 1023
3648944 509 1023
3649852 509 1023
3650756 508 1023
3651660 508 1023
3652556 508 1023
3653460 509 1023
3654364 509 1023
3655276 509 1023
3656188 509 1023
3657100 508 1023
3658004 508 1023
3658916 508 1023
3659828 508 1023
3660732 508 1023
3661640 508 1023
3662540 508 1023
3663452 508 1023
3664364 508 1023
3665276 508 1023
3666188 509 1023
3667100 509 1023
3668012 508 1023
3668916 509 1023
3669820 509 1023
3670724 508 1023
3671636 509 1023
3672548 508 1023
3673460 508 1023
3674372 509 1023
3675284 508 1023
3676196 508 1023
3677100 508 1023
3678008 508 1023
3678908 509 1023
3679820 509 1023
3680732 508 1023
3681644 508 1023
3682556 509 1023
3683460 508 1023
3684372 508 1023
3685276 508 1023
3686180 508 1023
3687088 509 1023
3687992 509 1023
3688900 509 1023
3689812 508 1023
3690716 508 1023
3691620 509 1023
3692524 509 1023
3693428 508 1023
3694332 509 1023
3695244 509 1023
3696156 509 1023
3697060 508 1023
3697964 508 1023
3698868 508 1023
3699772 509 1023
3700676 508 1023
3701580 509 1023
3702484 508 1023
3703396 509 1023
3704300 508 1023
3705212 508 1023
3706124 509 1023
3707036 508 1023
3707948 509 1023
3708852 509 1023
3709756 509 1023
3710660 508 1023
3711572 508 1023
3712484 508 1023
3713392 509 1023
3714300 508 1023
3715204 508 1023
3716116 509 1023
3717012 508 1023
3717916 508 1023
3718828 509 1023
3719740 508 1023
3720644 508 1023
3721556 508 1023
3722460 509 1023
3723372 508 1023
3724268 508 1023
3725172 508 1023
3726076 509 1023
3726988 508 1023
3727900 508 1023
3728812 509 1023
3729724 508 1023
3730628 509 1023
3731540 508 1023
3732444 509 1023
3733348 509 1023
3734252 509 1023
3735164 509 1023
3736076 510 1023
3736988 508 1023
3737900 508 1023
3738812 508 1023
3739716 509 1023
3740620 509 1023
3741524 508 1023
3742428 508 1023
3743340 509 1023
3744252 508 1023
3745164 508 1023
3746068 509 1023
3746980 509 1023
3747892 509 1023
3748796 509 1023
3749700 509 1023
3750604 508 1023
3751516 508 1023
3752420 509 1023
3753332 508 1023
3754244 509 1023
3755156 508 1023
3756068 509 1023
3756976 508 1023
3757876 508 1023
3758784 508 1023
3759692 508 1023
3760604 509 1023
3761516 509 1023
3762428 509 1023
3763340 508 1023
3764252 508 1023
3765156 508 1023
3766060 508 1023
3766964 508 1023
3767876 509 1023
3768788 508 1023
3769700 509 1023
3770612 508 1023
3771516 509 1023
3772428 508 1023
3773332 508 1023
3774240 509 1023
3775148 508 1023
3776060 509 1023
3776972 508 1023
3777876 508 1023
3778780 508 1023
3779692 509 1023
3780596 508 1023
3781500 509 1023
3782404 509 1023
3783316 508 1023
3784220 508 1023
3785132 509 1023
3786044 509 1023
3786956 509 1023
3787868 508 1023
3788776 510 1023
3789680 508 1023
3790580 508 1023
3791492 509 1023
3792404 508 1023
3793316 509 1023
3794220 509 1023
3795132 508 1023
3796044 509 1023
3796948 508 1023
3797852 508 1023
3798756 508 1023
3799668 508 1023
3800580 509 1023
3801492 509 1023
3802404 510 1023
3803316 508 1023
3804228 509 1023
3805132 508 1023
3806036 510 1023
3806944 508 1023
3807852 508 1023
3808764 509 1023
3809676 509 1023
3810588 509 1023
3811500 509 1023
3812412 508 1023
3813316 508 1023
3814220 509 1023
3815128 509 1023
3816036 509 1023
3816948 508 1023
3817860 508 1023
3818772 509 1023
3819684 508 1023
3820596 508 1023
3821504 509 1023
3822404 509 1023
3823308 508 1023
3824220 508 1023
3825132 508 1023
3826044 509 1023
3826956 509 1023
3827868 509 1023
3828780 509 1023
3829688 509 1023
3830592 508 1023
3831492 508 1023
3832404 508 1023
3833316 508 1023
3834228 508 1023
3835140 509 1023
3836052 508 1023
3836964 509 1023
3837872 509 1023
3838776 509 1023
3839680 508 1023
3840588 508 1023
3841500 509 1023
3842404 509 1023
3843308 508 1023
3844212 508 1023
3845108 508 1023
3846012 508 1023
3846916 509 1023
3847828 508 1023
3848740 508 1023
3849652 509 1023
3850564 509 1023
3851464 509 1023
3852372 509 1023
3853268 508 1023
3854172 508 1023
3855076 509 1023
3855988 509 1023
3856900 508 1023
3857812 508 1023
3858716 508 1023
3859628 509 1023
3860540 508 1023
3861444 508 1023
3862348 508 1023
3863252 509 1023
3864164 509 1023
3865076 508 1023
3865988 508 1023
3866900 508 1023
3867804 508 1023
3868708 508 1023
3869612 509 1023
3870516 508 1023
3871424 508 1023
3872332 509 1023
3873244 508 1023
3874148 509 1023
3875060 509 1023
3875972 509 1023
3876884 508 1023
3877788 508 1023
3878692 508 1023
3879596 508 1023
3880508 509 1023
3881420 508 1023
3882332 509 1023
3883244 508 1023
3884156 508 1023
3885068 508 1023
3885972 508 1023
3886880 508 1023
3887788 508 1023
3888700 509 1023
3889612 508 1023
3890524 508 1023
3891436 508 1023
3892348 509 1023
3893244 509 1023
3894148 509 1023
3895052 509 1023
3895964 509 1023
3896876 508 1023
3897788 508 1023
3898700 508 1023
3899604 508 1023
3900516 508 1023
3901420 508 1023
3902328 508 1023
3903228 508 1023
3904140 508 1023
3905052 509 1023
3905956 508 1023
3906868 508 1023
3907780 508 1023
3908692 509 1023
3909596 509 1023
3910504 508 1023
3911404 508 1023
3912316 508 1023
3913228 508 1023
3914140 508 1023
3915052 508 1023
3915964 508 1023
3916876 509 1023
3917780 508 1023
3918684 508 1023
3919588 508 1023
3920500 509 1023
3921412 508 1023
3922324 509 1023
3923236 508 1023
3924148 509 1023
3925052 508 1023
3925956 508 1023
3926864 508 1023
3927768 507 1023
3928676 508 1023
3929588 508 1023
3930500 508 1023
3931412 509 1023
3932324 509 1023
3933236 509 1023
3934132 509 1023
3935036 508 1023
3935940 510 1023
3936852 509 1023
3937764 508 1023
3938668 509 1023
3939572 508 1023
3940476 508 1023
3941388 509 1023
3942292 508 1023
3943200 508 1023
3944108 509 1023
3945012 509 1023
3945916 508 1023
3946820 508 1023
3947732 509 1023
3948644 509 1023
3949548 509 1023
3950452 508 1023
3951356 508 1023
3952268 508 1023
3953180 509 1023
3954092 508 1023
3955004 509 1023
3955916 509 1023
3956828 508 1023
3957732 509 1023
3958640 508 1023
3959540 508 1023
3960452 509 1023
3961364 509 1023
3962276 509 1023
3963188 509 1023
3964100 508 1023
3965012 508 1023
3965916 509 1023
3966824 508 1023
3967724 508 1023
3968636 509 1023
3969548 509 1023
3970460 509 1023
3971372 508 1023
3972284 509 1023
3973196 508 1023
3974100 509 1023
3975004 509 1023
3975908 509 1023
3976820 509 1023
3977732 508 1023
3978636 508 1023
3979548 508 1023
3980460 509 1023
3981372 508 1023
3982276 509 1023
3983180 508 1023
3984088 508 1023
3984996 508 1023
3985900 508 1023
3986812 508 1023
3987724 508 1023
3988636 509 1023
3989548 510 1023
3990456 508 1023
3991356 509 1023
3992264 508 1023
3993172 509 1023
3994084 508 1023
3994996 508 1023
3995900 508 1023
3996812 509 1023
3997724 509 1023
3998628 509 1023
3999532 508 1023
4000440 508 1023
END
