 508 1023
189022500 508 1023
189023500 508 1023
189024500 508 1023
189025500 508 1023
189026500 508 1023
189027500 508 
89021500 508 1023
189022500 508 1023
189023500 508 1023
189024500 508 1023
189025500 508 1023
189026500 508 1023
189027500 508 
Start

time_(μs) raw_current raw_low_voltage
316 517 974
1092 514 971
1816 512 971
2544 509 973
3272 509 982
3992 509 991
4712 509 1006
5484 508 1001
6248 508 997
6968 508 994
7688 508 990
8416 508 987
9136 508 985
9856 508 985
10584 508 988
11352 508 989
12116 508 995
12884 508 1002
13700 509 1007
14516 508 1008
15328 508 1013
16136 508 1011
16948 509 1013
17764 509 1013
18580 508 1012
19392 508 1014
20200 508 1015
21012 509 1019
21828 508 1022
22644 508 1023
23456 508 1023
24264 508 1023
25076 509 1023
25896 509 1023
26708 509 1023
27520 508 1023
28328 508 1023
29140 509 1023
29956 508 1023
30776 509 1023
31584 508 1023
32392 508 1023
33204 508 1023
34020 508 1023
34836 508 1023
35648 508 1023
36456 508 1023
37272 509 1023
38088 509 1023
38896 509 1023
39704 508 1023
40516 508 1023
41332 509 1023
42148 509 1023
42960 508 1023
43768 510 1023
44580 508 1023
45396 508 1023
46216 508 1023
47024 508 1023
47832 508 1023
48648 509 1023
49460 508 1023
50280 508 1023
51088 509 1023
51896 508 1023
52708 508 1023
53524 508 1023
54344 508 1023
55152 508 1023
55960 508 1023
56776 509 1023
57592 509 1023
58408 508 1023
59216 509 1023
60024 508 1023
60840 508 1023
61652 508 1023
62468 508 1023
63280 509 1023
64088 508 1023
64900 508 1023
65716 508 1023
66528 508 1023
67336 509 1023
68148 508 1023
68968 508 1023
69780 508 1023
70592 509 1023
71400 508 1023
72216 508 1023
73028 508 1023
73848 508 1023
74656 508 1023
75464 508 1023
76280 509 1023
77096 508 1023
77912 509 1023
78720 509 1023
79528 509 1023
80344 508 1023
81156 508 1023
81976 508 1023
82784 508 1023
83592 509 1023
84404 509 1023
85220 508 1023
86040 508 1023
86848 508 1023
87656 509 1023
88472 508 1023
89288 508 1023
90096 508 1023
90904 508 1023
91716 508 1023
92536 508 1023
93352 508 1023
94160 509 1023
94968 508 1023
95784 508 1023
96600 509 1023
97416 508 1023
98224 508 1023
99032 508 1023
99848 508 1023
100664 508 1023
101520 508 1023
102372 509 1023
103228 508 1023
104084 508 1023
104936 509 1023
105792 508 1023
106648 508 1023
107500 508 1023
108348 508 1023
109204 508 1023
110064 508 1023
110920 509 1023
111776 509 1023
112628 508 1023
113484 508 1023
114340 508 1023
115200 509 1023
116056 508 1023
116912 508 1023
117768 508 1023
118620 509 1023
119476 508 1023
120340 508 1023
121192 508 1023
122052 508 1023
122904 508 1023
123756 509 1023
124604 508 1023
125464 508 1023
126320 509 1023
127176 508 1023
128036 508 1023
128880 508 1023
129732 509 1023
130584 508 1023
131440 509 1023
132296 509 1023
133152 509 1023
134004 508 1023
134860 508 1023
135720 508 1023
136576 508 1023
137432 508 1023
138292 509 1023
139140 508 1023
139996 508 1023
140860 508 1023
141712 508 1023
142572 509 1023
143424 508 1023
144276 508 1023
145132 509 1023
145992 508 1023
146848 508 1023
147704 508 1023
148560 508 1023
149412 508 1023
150268 509 1023
151132 509 1023
151988 508 1023
152844 509 1023
153708 508 1023
154556 508 1023
155412 508 1023
156272 508 1023
157128 508 1023
157984 508 1023
158844 508 1023
159692 509 1023
160548 508 1023
161404 509 1023
162264 508 1023
163120 509 1023
163980 508 1023
164828 508 1023
165684 508 1023
166532 508 1023
167384 509 1023
168240 508 1023
169096 509 1023
169948 508 1023
170796 508 1023
171644 508 1023
172504 509 1023
173360 508 1023
174216 508 1023
175068 508 1023
175924 508 1023
176780 509 1023
177640 509 1023
178496 508 1023
179352 509 1023
180204 508 1023
181060 509 1023
181916 508 1023
182780 508 1023
183632 509 1023
184492 508 1023
185340 508 1023
186196 508 1023
187052 508 1023
187912 508 1023
188772 508 1023
189628 508 1023
190480 508 1023
191332 508 1023
192188 508 1023
193048 509 1023
193904 509 1023
194764 508 1023
195616 508 1023
196468 509 1023
197324 508 1023
198184 508 1023
199044 508 1023
199896 509 1023
200756 509 1023
201604 508 1023
202460 508 1023
203320 509 1023
204180 509 1023
205036 508 1023
205888 508 1023
206740 509 1023
207596 508 1023
208448 509 1023
209304 508 1023
210160 508 1023
211016 509 1023
211868 508 1023
212724 508 1023
213584 508 1023
214444 508 1023
215296 509 1023
216152 508 1023
217004 509 1023
217860 508 1023
218720 508 1023
219576 508 1023
220432 508 1023
221288 508 1023
222140 508 1023
222996 508 1023
223860 508 1023
224716 508 1023
225568 508 1023
226424 509 1023
227276 508 1023
228132 508 1023
228988 508 1023
229848 509 1023
230704 508 1023
231560 508 1023
232412 509 1023
233268 508 1023
234124 508 1023
234988 509 1023
235844 508 1023
236696 508 1023
237548 508 1023
238404 509 1023
239260 508 1023
240124 508 1023
240976 508 1023
241832 508 1023
242684 509 1023
243540 509 1023
244396 508 1023
245260 508 1023
246116 508 1023
246968 508 1023
247824 508 1023
248676 508 1023
249532 509 1023
250396 508 1023
251252 508 1023
252104 509 1023
252964 508 1023
253812 508 1023
254668 508 1023
255532 508 1023
256388 508 1023
257248 509 1023
258104 509 1023
258956 509 1023
259812 509 1023
260672 508 1023
261528 508 1023
262384 509 1023
263244 508 1023
264092 508 1023
264948 508 1023
265800 508 1023
266656 509 1023
267512 508 1023
268372 508 1023
269220 508 1023
270076 508 1023
270940 508 1023
271796 508 1023
272652 508 1023
273504 508 1023
274356 508 1023
275212 509 1023
276072 509 1023
276932 508 1023
277784 508 1023
278640 509 1023
279492 509 1023
280348 508 1023
281208 508 1023
282068 508 1023
282920 508 1023
283776 509 1023
284628 508 1023
285484 508 1023
286340 508 1023
287204 508 1023
288064 508 1023
288920 508 1023
289772 508 1023
290628 508 1023
291484 508 1023
292348 508 1023
293200 509 1023
294056 508 1023
294908 509 1023
295764 508 1023
296620 509 1023
297484 508 1023
298340 508 1023
299196 510 1023
300052 508 1023
300908 508 1023
301764 508 1023
302628 508 1023
303484 508 1023
304340 509 1023
305196 508 1023
306044 508 1023
306900 508 1023
307764 508 1023
308624 508 1023
309484 508 1023
310340 509 1023
311188 508 1023
312044 508 1023
312908 508 1023
313764 509 1023
314616 508 1023
315476 508 1023
316324 508 1023
317180 508 1023
318044 508 1023
318908 508 1023
319772 509 1023
320628 508 1023
321484 508 1023
322340 508 1023
323196 508 1023
324060 508 1023
324912 508 1023
325772 508 1023
326620 508 1023
327476 508 1023
328332 508 1023
329192 509 1023
330048 508 1023
330904 508 1023
331756 508 1023
332612 508 1023
333468 508 1023
334328 508 1023
335184 510 1023
336044 508 1023
336892 509 1023
337740 509 1023
338596 508 1023
339456 508 1023
340312 508 1023
341172 509 1023
342028 508 1023
342876 508 1023
343732 508 1023
344596 508 1023
345452 509 1023
346308 508 1023
347164 508 1023
348012 508 1023
348868 508 1023
349728 509 1023
350588 508 1023
351444 508 1023
352300 508 1023
353148 508 1023
354004 508 1023
354864 508 1023
355724 508 1023
356580 509 1023
357436 509 1023
358284 508 1023
359140 508 1023
360004 509 1023
360856 508 1023
361712 508 1023
362568 508 1023
363420 508 1023
364276 509 1023
365140 508 1023
365992 508 1023
366852 508 1023
367716 508 1023
368564 508 1023
369420 508 1023
370284 508 1023
371136 508 1023
371996 508 1023
372860 508 1023
373708 508 1023
374564 508 1023
375420 509 1023
376284 508 1023
377140 509 1023
377996 509 1023
378844 508 1023
379700 508 1023
380556 508 1023
381420 508 1023
382276 508 1023
383140 508 1023
383996 508 1023
384864 508 1023
385716 508 1023
386580 508 1023
387432 508 1023
388292 508 1023
389148 509 1023
389996 508 1023
390852 508 1023
391716 508 1023
392572 509 1023
393428 508 1023
394284 508 1023
395132 508 1023
395988 508 1023
396852 508 1023
397712 508 1023
398572 511 1023
399428 508 1023
400276 509 1023
401132 508 1023
401996 508 1023
402852 508 1023
403708 509 1023
404564 508 1023
405412 508 1023
406268 508 1023
407132 508 1023
407988 508 1023
408844 508 1023
409708 509 1023
410556 508 1023
411404 508 1023
412264 509 1023
413120 509 1023
413976 508 1023
414836 508 1023
415684 508 1023
416540 508 1023
417400 508 1023
418256 509 1023
419112 509 1023
419972 508 1023
420820 508 1023
421676 508 1023
422532 508 1023
423392 508 1023
424248 508 1023
425104 509 1023
425956 508 1023
426812 508 1023
427668 508 1023
428532 508 1023
429388 509 1023
430244 508 1023
431092 509 1023
431948 509 1023
432804 508 1023
433664 509 1023
434524 508 1023
435380 508 1023
436232 508 1023
437084 508 1023
437940 509 1023
438804 508 1023
439656 508 1023
440516 508 1023
441368 508 1023
442220 508 1023
443076 508 1023
443940 509 1023
444796 508 1023
445652 508 1023
446516 509 1023
447364 508 1023
448220 508 1023
449080 508 1023
449940 508 1023
450792 508 1023
451648 509 1023
452500 508 1023
453356 508 1023
454220 509 1023
455076 509 1023
455932 508 1023
456788 509 1023
457636 508 1023
458492 508 1023
459356 508 1023
460212 508 1023
461076 509 1023
461928 508 1023
462780 508 1023
463636 509 1023
464500 508 1023
465356 508 1023
466212 508 1023
467068 509 1023
467916 508 1023
468772 508 1023
469628 508 1023
470492 508 1023
471348 509 1023
472204 508 1023
473052 508 1023
473908 509 1023
474764 508 1023
475628 509 1023
476484 508 1023
477340 508 1023
478188 508 1023
479044 509 1023
479900 509 1023
480764 508 1023
481628 508 1023
482480 508 1023
483336 508 1023
484188 508 1023
485044 508 1023
485908 508 1023
486764 508 1023
487624 508 1023
488484 509 1023
489332 508 1023
490188 508 1023
491052 508 1023
491908 508 1023
492772 508 1023
493628 509 1023
494476 508 1023
495332 508 1023
496196 508 1023
497056 509 1023
497916 508 1023
498772 508 1023
499628 508 1023
500484 508 1023
501344 508 1023
502204 508 1023
503068 508 1023
503924 508 1023
504772 508 1023
505628 508 1023
506488 509 1023
507348 508 1023
508204 508 1023
509068 509 1023
509916 508 1023
510772 508 1023
511628 508 1023
512492 508 1023
513352 509 1023
514208 508 1023
515060 508 1023
515916 508 1023
516772 509 1023
517636 508 1023
518488 509 1023
519344 509 1023
520204 508 1023
521052 508 1023
521908 508 1023
522772 508 1023
523628 508 1023
524480 509 1023
525336 509 1023
526188 508 1023
527044 508 1023
527908 508 1023
528764 508 1023
529616 509 1023
530472 508 1023
531324 508 1023
532180 508 1023
533044 508 1023
533896 509 1023
534756 508 1023
535612 509 1023
536460 509 1023
537316 509 1023
538180 508 1023
539040 508 1023
539900 508 1023
540756 509 1023
541604 508 1023
542460 508 1023
543324 508 1023
544180 508 1023
545032 508 1023
545892 509 1023
546740 509 1023
547596 508 1023
548460 508 1023
549324 508 1023
550180 508 1023
551036 508 1023
551892 508 1023
552748 509 1023
553604 508 1023
554464 508 1023
555324 508 1023
556180 509 1023
557028 508 1023
557884 509 1023
558740 508 1023
559604 508 1023
560460 508 1023
561324 508 1023
562172 509 1023
563028 508 1023
563884 509 1023
564744 508 1023
565604 508 1023
566460 508 1023
567312 508 1023
568164 508 1023
569020 508 1023
569884 508 1023
570740 508 1023
571596 508 1023
572460 508 1023
573316 508 1023
574172 508 1023
575036 509 1023
575892 508 1023
576756 509 1023
577616 509 1023
578468 508 1023
579324 508 1023
580184 508 1023
581044 509 1023
581900 508 1023
582756 508 1023
583604 508 1023
584460 508 1023
585324 508 1023
586180 508 1023
587036 508 1023
587892 508 1023
588748 508 1023
589604 508 1023
590460 509 1023
591324 508 1023
592180 508 1023
593044 509 1023
593892 508 1023
594748 509 1023
595604 508 1023
596468 509 1023
597324 507 1023
598188 509 1023
599052 509 1023
599908 508 1023
600764 508 1023
601628 508 1023
602492 509 1023
603348 509 1023
604204 509 1023
605060 508 1023
605916 508 1023
606780 508 1023
607644 508 1023
608508 508 1023
609372 508 1023
610220 508 1023
611076 508 1023
611940 508 1023
612804 508 1023
613668 508 1023
614524 507 1023
615380 508 1023
616236 508 1023
617092 509 1023
617956 508 1023
618812 508 1023
619668 508 1023
620516 508 1023
621372 508 1023
622228 508 1023
623092 508 1023
623956 508 1023
624820 509 1023
625684 508 1023
626532 508 1023
627388 508 1023
628252 508 1023
629108 509 1023
629964 508 1023
630828 508 1023
631684 508 1023
632540 508 1023
633404 508 1023
634268 508 1023
635132 508 1023
635996 509 1023
636852 508 1023
637708 508 1023
638572 509 1023
639436 508 1023
640300 509 1023
641160 508 1023
642012 508 1023
642868 508 1023
643724 509 1023
644588 508 1023
645444 508 1023
646296 509 1023
647148 508 1023
648004 508 1023
648860 508 1023
649724 509 1023
650580 508 1023
651436 508 1023
652284 508 1023
653148 508 1023
654004 508 1023
654868 508 1023
655724 509 1023
656576 509 1023
657432 509 1023
658284 508 1023
659140 508 1023
660004 509 1023
660856 509 1023
661712 508 1023
662572 508 1023
663420 508 1023
664276 508 1023
665140 508 1023
665996 508 1023
666848 508 1023
667704 509 1023
668556 508 1023
669412 508 1023
670276 509 1023
671132 508 1023
671988 509 1023
672844 508 1023
673700 508 1023
674556 508 1023
675420 509 1023
676276 508 1023
677128 508 1023
677984 508 1023
678836 509 1023
679692 508 1023
680552 508 1023
681412 508 1023
682268 508 1023
683120 508 1023
683972 509 1023
684828 509 1023
685688 509 1023
686548 508 1023
687404 508 1023
688260 508 1023
689108 508 1023
689964 508 1023
690820 508 1023
691684 508 1023
692544 509 1023
693404 508 1023
694252 508 1023
695108 508 1023
695964 509 1023
696828 508 1023
697688 508 1023
698544 508 1023
699404 509 1023
700252 508 1023
701108 508 1023
701972 508 1023
702836 508 1023
703700 509 1023
704564 508 1023
705420 508 1023
706276 509 1023
707140 508 1023
707996 509 1023
708860 508 1023
709716 508 1023
710564 509 1023
711420 508 1023
712284 508 1023
713148 509 1023
714004 508 1023
714868 508 1023
715716 508 1023
716572 508 1023
717436 509 1023
718300 508 1023
719156 508 1023
720012 508 1023
720868 508 1023
721724 508 1023
722580 508 1023
723444 509 1023
724300 509 1023
725156 509 1023
726004 508 1023
726860 508 1023
727716 508 1023
728580 508 1023
729436 508 1023
730292 508 1023
731156 508 1023
732004 508 1023
732860 509 1023
733724 508 1023
734580 509 1023
735444 508 1023
736308 508 1023
737164 509 1023
738028 508 1023
738888 509 1023
739744 509 1023
740604 508 1023
741468 508 1023
742316 509 1023
743172 508 1023
744036 508 1023
744892 509 1023
745748 508 1023
746604 508 1023
747452 508 1023
748308 508 1023
749172 508 1023
750036 509 1023
750892 509 1023
751756 508 1023
752604 508 1023
753460 508 1023
754316 508 1023
755180 508 1023
756044 508 1023
756908 508 1023
757756 508 1023
758624 508 1023
759476 509 1023
760340 508 1023
761204 508 1023
762060 508 1023
762924 509 1023
763780 509 1023
764636 508 1023
765500 508 1023
766364 508 1023
767228 509 1023
768092 508 1023
768948 508 1023
769804 508 1023
770668 508 1023
771524 508 1023
772380 508 1023
773236 508 1023
774092 508 1023
774948 509 1023
775804 509 1023
776668 509 1023
777524 508 1023
778380 509 1023
779236 508 1023
780092 508 1023
780948 508 1023
781812 508 1023
782668 509 1023
783524 509 1023
784380 508 1023
785236 508 1023
786092 508 1023
786956 509 1023
787812 508 1023
788676 508 1023
789540 508 1023
790388 509 1023
791248 509 1023
792108 508 1023
792972 508 1023
793836 508 1023
794700 508 1023
795548 508 1023
796404 508 1023
797268 508 1023
798132 509 1023
798996 508 1023
799860 509 1023
800716 508 1023
801572 508 1023
802428 508 1023
803292 508 1023
804148 509 1023
805004 508 1023
805852 508 1023
806708 508 1023
807564 508 1023
808428 508 1023
809284 508 1023
810140 508 1023
810988 508 1023
811844 508 1023
812700 508 1023
813564 509 1023
814428 507 1023
815292 508 1023
816148 508 1023
817004 509 1023
817860 509 1023
818724 509 1023
819588 508 1023
820448 509 1023
821304 508 1023
822156 508 1023
823012 508 1023
823876 508 1023
824732 509 1023
825584 508 1023
826444 509 1023
827292 508 1023
828148 508 1023
829012 509 1023
829868 508 1023
830720 509 1023
831576 508 1023
832428 509 1023
833284 508 1023
834144 509 1023
835004 508 1023
835860 508 1023
836712 509 1023
837564 509 1023
838420 508 1023
839280 508 1023
840140 509 1023
840992 509 1023
841848 508 1023
842700 508 1023
843556 509 1023
844412 509 1023
845276 508 1023
846128 508 1023
846984 509 1023
847836 508 1023
848692 508 1023
849548 508 1023
850412 508 1023
851264 508 1023
852120 508 1023
852972 508 1023
853828 508 1023
854684 508 1023
855548 508 1023
856404 509 1023
857256 509 1023
858108 508 1023
858972 508 1023
859828 508 1023
860692 508 1023
861556 509 1023
862412 509 1023
863268 508 1023
864116 508 1023
864972 508 1023
865836 508 1023
866692 508 1023
867548 508 1023
868404 508 1023
869252 509 1023
870108 509 1023
870972 508 1023
871836 508 1023
872692 508 1023
873548 508 1023
874396 508 1023
875252 508 1023
876116 508 1023
876972 508 1023
877828 509 1023
878684 509 1023
879532 509 1023
880388 508 1023
881252 508 1023
882108 508 1023
882964 508 1023
883820 509 1023
884668 508 1023
885524 508 1023
886388 508 1023
887244 508 1023
888108 508 1023
888964 508 1023
889812 509 1023
890668 508 1023
891524 508 1023
892388 508 1023
893244 508 1023
894108 508 1023
894964 509 1023
895820 508 1023
896680 508 1023
897536 508 1023
898396 508 1023
899252 508 1023
900116 508 1023
900964 509 1023
901820 508 1023
902684 508 1023
903540 508 1023
904396 508 1023
905252 507 1023
906100 508 1023
906956 508 1023
907820 508 1023
908676 508 1023
909540 508 1023
910404 511 1023
911252 508 1023
912108 508 1023
912972 508 1023
913828 508 1023
914684 508 1023
915548 508 1023
916404 508 1023
917260 508 1023
918124 508 1023
918988 509 1023
919852 508 1023
920716 508 1023
921572 508 1023
922432 508 1023
923284 509 1023
924144 508 1023
925004 508 1023
925868 507 1023
926716 508 1023
927572 508 1023
928428 508 1023
929288 510 1023
930148 507 1023
931004 508 1023
931868 508 1023
932724 508 1023
933580 508 1023
934444 509 1023
935308 508 1023
936164 508 1023
937028 509 1023
937876 509 1023
938732 508 1023
939596 508 1023
940460 508 1023
941324 508 1023
942188 508 1023
943044 508 1023
943900 508 1023
944764 508 1023
945628 509 1023
946484 509 1023
947340 508 1023
948196 508 1023
949052 508 1023
949908 508 1023
950772 509 1023
951636 508 1023
952500 508 1023
953364 508 1023
954212 508 1023
955068 508 1023
955932 508 1023
956796 509 1023
957660 508 1023
958524 508 1023
959380 508 1023
960240 508 1023
961096 508 1023
961956 509 1023
962812 509 1023
963668 508 1023
964516 508 1023
965372 508 1023
966236 508 1023
967092 508 1023
967956 508 1023
968820 508 1023
969676 508 1023
970532 508 1023
971388 508 1023
972252 508 1023
973116 508 1023
973980 508 1023
974836 508 1023
975692 508 1023
976548 509 1023
977412 509 1023
978268 508 1023
979132 509 1023
979988 508 1023
980844 508 1023
981700 508 1023
982564 508 1023
983428 508 1023
984292 508 1023
985148 508 1023
985996 508 1023
986852 508 1023
987716 508 1023
988572 508 1023
989436 508 1023
990292 509 1023
991148 508 1023
992004 508 1023
992864 508 1023
993724 508 1023
994580 508 1023
995436 508 1023
996284 509 1023
997140 508 1023
998004 508 1023
998868 508 1023
999732 509 1023
1000588 509 1023
1001500 509 125
1002348 510 224
1003204 513 217
1004068 517 214
1004924 519 206
1005776 521 199
1006636 524 192
1007484 526 189
1008340 529 188
1009200 532 184
1010060 532 182
1010916 533 180
1011772 533 180
1012628 533 181
1013484 534 179
1014348 533 163
1015212 532 171
1016076 532 162
1016932 532 167
1017780 532 129
1018636 532 169
1019500 532 163
1020364 531 157
1021228 530 155
1022092 530 164
1022948 531 143
1023804 530 153
1024664 530 147
1025520 529 123
1026376 529 156
1027232 530 139
1028084 529 142
1028932 529 153
1029780 528 144
1030640 528 127
1031496 527 138
1032352 527 147
1033204 530 140
1034060 527 133
1034916 528 145
1035776 529 138
1036632 527 129
1037492 527 18
1038296 526 142
1039148 527 123
1040004 526 129
1040864 528 123
1041720 527 113
1042576 526 130
1043428 525 130
1044284 525 111
1045140 525 132
1046000 525 113
1046856 524 109
1047712 523 127
1048564 524 98
1049376 524 124
1050236 525 117
1051092 524 110
1051944 523 123
1052804 524 104
1053652 524 119
1054500 523 0
1055268 519 104
1056132 520 106
1056984 519 93
1057800 521 117
1058652 519 42
1059464 519 110
1060324 520 120
1061176 523 103
1062032 524 129
1062884 524 107
1063740 523 32
1064552 522 116
1065412 523 102
1066264 524 101
1067120 524 101
1067972 522 87
1068784 523 107
1069644 523 106
1070496 524 108
1071352 523 99
1072168 522 108
1073020 523 101
1073876 523 119
1074740 524 106
1075596 523 108
1076448 523 121
1077304 523 102
1078156 524 128
1079012 524 105
1079876 523 115
1080732 523 117
1081584 523 104
1082444 524 137
1083292 524 109
1084148 524 54
1084968 524 125
1085824 524 115
1086684 525 139
1087540 525 115
1088388 524 46
1089200 524 130
1090056 525 111
1090916 526 137
1091768 525 115
1092628 524 119
1093476 524 131
1094332 524 112
1095196 525 130
1096060 526 128
1096920 525 114
1097780 524 118
1098628 525 118
1099484 523 111
1100348 525 110
1101212 524 109
1102072 523 126
1102932 526 112
1103780 524 120
1104636 525 111
1105500 523 105
1106364 522 109
1107228 524 107
1108080 525 114
1108932 524 112
1109788 523 107
1110652 522 116
1111508 523 100
1112372 523 124
1113236 524 106
1114084 523 0
1114852 523 15
1115672 522 98
1116488 523 129
1117348 523 95
1118152 521 65
1118964 522 102
1119820 522 109
1120684 523 105
1121544 522 97
1122360 521 112
1123212 522 50
1124024 521 120
1124880 522 104
1125740 522 59
1126552 522 111
1127404 522 107
1128260 523 106
1129116 523 96
1129936 520 110
1130792 521 93
1131608 522 122
1132460 523 92
1133272 521 65
1134088 521 100
1134944 522 109
1135804 523 103
1136660 523 107
1137516 522 110
1138372 522 100
1139236 523 99
1140048 523 93
1140864 521 104
1141716 521 87
1142532 522 120
1143388 521 86
1144200 520 81
1145016 521 99
1145824 522 109
1146676 522 100
1147532 522 57
1148352 522 105
1149212 522 103
1150068 523 103
1150916 523 100
1151772 521 107
1152636 522 95
1153456 523 102
1154312 521 93
1155128 520 101
1155980 521 94
1156792 523 95
1157608 522 90
1158424 521 106
1159280 522 91
1160088 522 118
1160940 522 87
1161760 521 103
1162616 522 91
1163432 522 110
1164284 522 87
1165096 521 91
1165904 521 92
1166720 521 109
1167580 522 90
1168392 521 83
1169200 521 94
1170008 522 105
1170864 523 91
1171680 521 81
1172496 522 94
1173304 521 100
1174156 522 89
1174976 521 66
1175792 522 98
1176608 522 102
1177460 522 91
1178276 521 54
1179088 522 97
1179904 521 99
1180720 522 96
1181528 521 101
1182380 522 91
1183200 522 94
1184016 522 83
1184828 520 94
1185640 521 99
1186448 521 95
1187264 522 95
1188080 521 96
1188896 521 98
1189704 522 95
1190512 522 94
1191328 521 89
1192144 522 100
1193004 521 92
1193808 522 94
1194616 521 95
1195432 522 95
1196248 522 96
1197064 522 93
1197872 521 94
1198684 522 98
1199496 521 93
1200312 522 92
1201120 522 93
1201928 522 99
1202744 521 91
1203560 523 92
1204376 521 96
1205184 522 97
1205992 521 97
1206808 522 89
1207624 521 72
1208440 523 97
1209248 521 95
1210056 522 90
1210872 521 76
1211688 521 90
1212504 521 95
1213312 521 87
1214120 520 79
1214936 522 92
1215752 522 98
1216568 521 86
1217376 521 90
1218184 522 89
1219000 521 99
1219816 521 86
1220632 521 96
1221440 522 86
1222248 521 101
1223108 521 82
1223928 521 99
1224744 522 86
1225552 521 105
1226404 521 83
1227224 521 103
1228084 521 85
1228904 522 84
1229712 520 81
1230520 521 104
1231376 521 81
1232192 521 91
1233008 521 84
1233816 521 100
1234668 521 85
1235488 521 90
1236304 521 92
1237120 522 93
1237928 521 92
1238736 521 89
1239552 521 76
1240368 522 86
1241184 521 92
1241992 521 81
1242800 520 82
1243616 521 80
1244432 521 95
1245248 521 81
1246056 520 74
1246864 520 85
1247680 521 102
1248540 521 81
1249352 522 98
1250160 521 84
1250968 521 103
1251828 521 80
1252640 520 100
1253500 522 84
1254304 522 111
1255156 521 81
1255976 521 104
1256836 522 83
1257656 522 87
1258464 521 83
1259272 521 105
1260132 521 83
1260952 521 94
1261768 521 83
1262576 522 100
1263428 521 90
1264240 521 90
1265056 521 89
1265872 522 102
1266732 522 94
1267548 522 90
1268352 521 94
1269168 522 93
1269984 522 91
1270800 522 90
1271608 521 70
1272420 522 93
1273232 521 97
1274048 521 89
1274856 522 83
1275668 522 92
1276480 521 100
1277340 522 87
1278152 521 91
1278964 522 89
1279772 521 99
1280584 522 87
1281396 521 89
1282212 522 89
1283024 521 101
1283876 522 86
1284688 521 97
1285504 522 90
1286320 521 103
1287176 522 86
1287984 521 101
1288836 522 90
1289656 521 106
1290512 521 86
1291328 521 103
1292180 522 89
1292992 522 108
1293848 522 88
1294664 522 108
1295520 522 89
1296328 522 111
1297180 522 86
1298000 523 107
1298856 522 90
1299672 523 111
1300532 522 86
1301336 522 106
1302188 522 91
1303008 522 111
1303868 522 87
1304688 522 106
1305540 522 93
1306356 522 110
1307212 523 87
1308024 523 107
1308884 523 89
1309688 522 107
1310540 523 90
1311356 522 94
1312168 522 100
1313024 522 106
1313880 522 98
1314688 522 105
1315540 523 107
1316400 522 101
1317256 523 105
1318112 522 104
1318972 523 113
1319820 523 99
1320640 523 105
1321496 523 95
1322312 523 116
1323168 524 98
1323976 524 121
1324828 523 95
1325644 522 112
1326504 523 99
1327320 523 114
1328180 523 100
1329028 522 106
1329884 522 103
1330748 522 106
1331604 523 97
1332412 523 104
1333272 523 106
1334124 522 103
1334980 523 101
1335840 522 97
1336656 523 113
1337512 523 94
1338320 524 95
1339128 522 91
1339944 522 113
1340804 523 96
1341616 522 115
1342472 522 91
1343280 521 105
1344132 523 95
1344948 522 108
1345808 523 94
1346624 521 95
1347432 523 103
1348284 522 104
1349144 522 99
1349960 522 106
1350820 523 102
1351668 522 100
1352524 522 98
1353336 522 97
1354152 522 103
1355012 522 97
1355824 522 97
1356632 522 92
1357440 522 108
1358296 522 93
1359112 522 97
1359928 522 90
1360736 522 107
1361588 522 90
1362408 522 97
1363220 521 88
1364036 522 105
1364892 522 89
1365704 522 94
1366520 521 88
1367336 521 105
1368196 521 89
1369000 522 94
1369808 521 88
1370624 521 101
1371484 521 86
1372296 521 90
1373104 520 87
1373912 521 98
1374728 521 86
1375544 521 92
1376360 521 92
1377168 522 94
1377976 521 93
1378792 521 88
1379608 520 72
1380424 521 87
1381232 520 96
1382040 522 81
1382856 520 89
1383672 521 85
1384488 521 102
1385340 521 81
1386152 521 102
1387012 521 78
1387824 521 83
1388640 520 78
1389448 520 96
1390256 522 81
1391072 521 86
1391888 520 88
1392704 520 86
1393512 520 94
1394320 520 77
1395136 520 94
1395952 521 79
1396768 520 106
1397620 520 76
1398432 521 94
1399248 520 79
1400064 520 83
1400880 520 64
1401688 520 81
1402496 521 91
1403312 520 73
1404128 520 96
1404944 521 73
1405752 519 77
1406564 519 75
1407376 520 84
1408192 519 80
1409000 519 71
1409808 519 86
1410624 519 73
1411440 519 70
1412256 519 68
1413064 520 85
1413872 519 78
1414688 520 72
1415504 519 83
1416320 521 70
1417128 520 75
1417936 519 67
1418752 519 84
1419568 519 82
1420384 519 71
1421196 519 88
1422000 519 69
1422816 520 74
1423632 518 72
1424448 520 80
1425256 519 83
1426064 519 67
1426880 519 89
1427696 519 69
1428512 519 75
1429320 519 58
1430128 519 72
1430944 520 89
1431760 519 59
1432572 518 86
1433380 518 62
1434192 519 67
1435008 518 74
1435824 519 64
1436632 519 62
1437440 518 64
1438256 519 81
1439072 519 80
1439888 520 66
1440696 519 87
1441504 519 64
1442320 519 76
1443136 518 75
1443952 520 69
1444760 519 87
1445568 518 67
1446384 520 87
1447200 518 74
1448016 519 68
1448824 518 81
1449632 519 65
1450448 518 75
1451264 518 69
1452080 519 74
1452888 518 84
1453696 519 64
1454512 519 87
1455328 519 69
1456144 519 70
1456952 519 76
1457760 519 63
1458576 519 70
1459392 518 63
1460200 519 76
1461008 518 77
1461824 518 60
1462640 519 88
1463456 518 63
1464264 519 70
1465072 518 71
1465888 519 64
1466704 519 65
1467520 518 61
1468328 519 79
1469136 518 80
1469952 519 63
1470768 519 85
1471584 518 68
1472396 519 74
1473200 518 69
1474016 519 66
1474832 519 67
1475648 519 65
1476456 519 76
1477264 518 79
1478080 518 61
1478896 519 87
1479712 519 64
1480520 519 70
1481328 517 75
1482144 519 65
1482960 519 70
1483768 519 63
1484576 519 73
1485392 518 80
1486208 518 60
1487024 519 85
1487832 518 66
1488640 519 66
1489456 517 78
1490272 519 62
1491088 518 74
1491896 518 66
1492704 519 70
1493520 518 87
1494336 518 61
1495152 519 81
1495960 519 72
1496772 518 65
1497584 518 83
1498400 519 60
1499216 518 74
1500024 517 61
1500832 519 66
1501648 518 92
1502464 518 62
1503280 519 78
1504092 518 78
1504896 520 60
1505712 518 83
1506528 518 64
1507344 518 62
1508152 517 76
1508964 518 55
1509776 518 68
1510592 518 70
1511400 518 67
1512208 518 84
1513024 518 56
1513840 518 78
1514656 517 71
1515468 518 56
1516276 518 82
1517088 518 57
1517904 518 69
1518720 517 74
1519532 518 64
1520340 520 69
1521152 518 66
1521968 518 69
1522784 519 83
1523596 519 56
1524404 518 79
1525216 517 72
1526032 518 61
1526848 517 85
1527656 518 64
1528468 519 71
1529280 517 73
1530096 517 62
1530912 519 72
1531724 517 66
1532532 518 69
1533344 518 87
1534160 518 59
1534972 518 79
1535780 518 77
1536596 518 59
1537416 518 83
1538232 518 64
1539040 518 63
1539848 517 81
1540664 518 58
1541480 518 69
1542296 517 70
1543104 518 59
1543912 518 67
1544728 517 65
1545544 518 32
1546360 516 83
1547168 515 52
1547976 516 74
1548792 515 67
1549608 517 53
1550424 516 77
1551232 517 65
1552044 517 62
1552856 516 72
1553672 517 59
1554488 518 72
1555296 517 69
1556104 518 63
1556920 518 70
1557736 517 66
1558552 518 66
1559360 518 87
1560168 518 60
1560984 518 76
1561800 518 75
1562608 518 54
1563416 517 78
1564232 517 71
1565048 517 56
1565864 517 84
1566672 518 60
1567484 518 62
1568296 517 79
1569112 517 55
1569928 517 66
1570736 517 69
1571544 517 59
1572360 517 67
1573176 518 59
1573992 518 64
1574804 518 65
1575608 517 62
1576424 519 66
1577240 518 58
1578056 517 57
1578864 518 67
1579676 517 81
1580488 517 56
1581304 518 70
1582120 517 74
1582928 517 48
1583736 517 72
1584552 517 65
1585368 517 48
1586184 517 72
1586996 514 45
1587804 515 42
1588616 515 68
1589432 512 0
1590200 513 14
1591012 512 65
1591824 513 35
1592640 516 59
1593456 515 56
1594268 517 47
1595072 516 66
1595888 517 30
1596704 516 56
1597520 517 68
1598328 517 30
1599140 517 60
1599952 517 68
1600768 517 58
1601584 518 53
1602392 517 84
1603200 517 54
1604016 518 62
1604832 517 83
1605648 517 52
1606456 517 69
1607264 517 75
1608080 516 49
1608896 517 70
1609704 516 74
1610512 517 52
1611328 516 68
1612144 516 71
1612960 517 45
1613768 516 71
1614576 516 67
1615392 517 48
1616208 516 72
1617024 517 62
1617832 517 52
1618644 516 71
1619456 516 67
1620272 517 52
1621088 516 73
1621896 516 62
1622704 517 52
1623520 516 76
1624336 516 62
1625152 516 51
1625964 516 76
1626768 517 61
1627584 516 52
1628400 516 76
1629216 516 59
1630024 516 49
1630832 517 76
1631648 516 62
1632464 516 52
1633272 516 73
1634084 517 62
1634896 517 49
1635712 516 73
1636528 516 58
1637340 516 47
1638148 516 74
1638960 515 62
1639772 516 48
1640588 517 71
1641400 516 67
1642208 517 47
1643020 516 70
1643840 517 68
1644652 516 47
1645464 516 68
1646272 516 73
1647088 516 48
1647904 517 66
1648720 516 76
1649528 516 48
1650336 517 64
1651152 516 73
1651968 516 47
1652784 517 57
1653592 516 78
1654400 516 52
1655212 517 60
1656032 518 55
1656848 516 59
1657656 517 54
1658464 517 60
1659280 516 57
1660096 516 49
1660904 516 58
1661712 515 50
1662528 516 40
1663344 516 57
1664160 514 55
1664968 513 22
1665776 514 56
1666588 516 61
1667404 515 42
1668220 517 60
1669032 516 63
1669840 516 49
1670652 517 63
1671472 516 68
1672288 517 51
1673096 517 62
1673904 516 70
1674720 517 50
1675536 516 57
1676352 516 72
1677160 516 50
1677968 517 59
1678784 516 73
1679600 516 50
1680416 517 55
1681224 516 70
1682032 516 47
1682844 516 55
1683664 516 60
1684472 516 48
1685280 516 52
1686096 515 74
1686912 515 48
1687728 517 54
1688536 516 74
1689344 516 44
1690160 516 58
1690976 515 66
1691792 516 57
1692600 517 60
1693408 516 74
1694224 516 52
1695040 517 59
1695856 516 73
1696664 517 54
1697472 517 60
1698288 516 74
1699104 517 52
1699920 517 61
1700728 517 74
1701536 517 53
1702352 517 61
1703168 516 72
1703984 517 50
1704792 517 61
1705600 516 68
1706416 516 49
1707232 517 60
1708048 516 72
1708856 516 49
1709664 517 60
1710480 516 65
1711296 516 43
1712104 517 65
1712912 516 57
1713728 517 55
1714544 517 66
1715360 517 64
1716168 517 55
1716976 517 66
1717792 516 58
1718608 517 55
1719424 517 67
1720236 516 56
1721040 517 58
1721856 518 65
1722672 516 62
1723488 517 59
1724296 517 64
1725104 516 61
1725920 517 61
1726736 517 56
1727552 516 57
1728364 518 61
1729168 518 82
1729984 516 57
1730800 517 63
1731616 516 79
1732424 517 49
1733232 518 61
1734048 516 72
1734864 516 48
1735672 517 66
1736484 516 76
1737296 517 50
1738112 517 70
1738928 517 73
1739736 516 50
1740548 517 73
1741360 516 72
1742176 517 49
1742992 517 73
1743800 516 71
1744608 516 47
1745424 517 73
1746240 517 67
1747056 516 49
1747864 517 75
1748672 516 72
1749488 517 53
1750304 518 76
1751120 517 68
1751928 517 49
1752736 516 76
1753552 516 59
1754368 517 48
1755184 517 75
1755996 515 57
1756804 516 0
1757572 515 74
1758392 516 61
1759204 516 51
1760012 517 75
1760824 517 59
1761640 517 48
1762452 517 75
1763264 516 61
1764072 518 50
1764888 516 78
1765704 516 60
1766520 517 50
1767328 516 74
1768136 516 62
1768952 516 50
1769768 516 73
1770584 517 64
1771392 516 51
1772200 517 78
1773016 517 64
1773832 517 47
1774648 517 72
1775456 516 61
1776264 516 44
1777080 517 69
1777896 516 60
1778712 516 18
1779524 514 20
1780328 512 55
1781144 514 16
1781960 514 18
1782768 512 61
1783576 514 47
1784392 516 70
1785208 515 67
1786024 516 50
1786832 516 68
1787644 516 71
1788456 516 48
1789272 516 72
1790088 517 69
1790896 517 49
1791704 516 72
1792520 516 70
1793336 516 50
1794152 517 74
1794960 517 70
1795768 516 50
1796584 516 77
1797400 516 73
1798216 517 51
1799024 517 77
1799836 517 67
1800648 516 49
1801464 516 70
1802280 516 66
1803088 517 49
1803896 517 80
1804712 516 65
1805528 516 50
1806344 516 79
1807152 516 65
1807960 517 54
1808776 516 81
1809592 516 65
1810400 517 54
1811208 516 79
1812024 516 62
1812840 518 55
1813656 516 77
1814464 516 61
1815272 517 50
1816088 516 79
1816904 517 60
1817720 518 56
1818528 516 79
1819336 516 59
1820152 517 51
1820968 516 80
1821784 515 53
1822592 516 50
1823400 515 67
1824216 514 47
1825032 515 10
1825848 514 76
1826656 513 14
1827464 513 13
1828280 514 77
1829096 514 44
1829912 515 59
1830724 516 61
1831528 517 56
1832344 516 68
1833160 515 53
1833968 517 57
1834776 518 72
1835592 517 44
1836408 516 56
1837224 517 68
1838032 516 27
1838844 516 59
1839656 517 66
1840472 517 61
1841288 517 64
1842096 517 65
1842904 517 58
1843720 519 71
1844536 517 85
1845352 517 54
1846160 517 73
1846968 516 80
1847784 517 54
1848600 517 74
1849416 516 72
1850224 517 50
1851032 517 78
1851848 516 65
1852664 517 52
1853480 517 80
1854288 517 67
1855096 518 55
1855912 517 79
1856728 517 60
1857544 517 54
1858352 517 81
1859160 517 62
1859976 517 59
1860792 517 83
1861600 517 63
1862408 517 62
1863224 517 80
1864040 517 56
1864856 517 59
1865664 517 79
1866472 517 58
1867288 517 61
1868104 516 77
1868920 517 56
1869728 517 65
1870536 517 74
1871352 517 57
1872168 517 63
1872984 516 71
1873792 517 53
1874604 517 64
1875416 516 68
1876232 517 55
1877048 518 67
1877856 516 63
1878664 517 56
1879480 517 66
1880296 517 54
1881112 517 58
1881924 517 65
1882728 517 56
1883544 517 55
1884360 519 66
1885168 516 50
1885976 517 56
1886792 516 67
1887608 516 66
1888424 517 56
1889232 517 64
1890040 516 47
1890856 518 59
1891672 516 65
1892488 516 50
1893296 518 58
1894108 517 65
1894920 517 62
1895736 518 58
1896552 516 61
1897360 518 53
1898176 517 58
1898992 517 62
1899808 516 63
1900624 517 56
1901436 517 64
1902244 516 60
1903056 517 55
1903872 516 61
1904688 517 62
1905496 518 57
1906308 517 60
1907120 516 62
1907936 517 60
1908752 517 65
1909564 516 57
1910372 518 60
1911184 518 62
1912000 517 59
1912808 517 62
1913620 517 61
1914432 516 59
1915248 516 59
1916064 517 62
1916876 516 59
1917684 517 60
1918496 517 59
1919312 516 61
1920132 517 61
1920936 517 62
1921744 518 62
1922560 517 57
1923376 516 62
1924192 517 62
1925000 518 53
1925808 516 60
1926624 516 54
1927440 516 53
1928256 517 63
1929064 515 56
1929872 516 52
1930688 517 64
1931504 515 63
1932320 516 55
1933128 517 62
1933936 517 67
1934752 516 51
1935568 517 63
1936376 517 72
1937184 517 50
1938000 517 59
1938816 516 73
1939632 516 52
1940440 517 54
1941252 516 76
1942064 516 53
1942880 517 55
1943696 516 74
1944508 516 53
1945316 516 49
1946128 516 74
1946944 516 54
1947760 516 47
1948568 516 73
1949376 516 56
1950192 516 41
1951008 517 70
1951824 516 62
1952636 515 43
1953440 516 65
1954256 516 69
1955072 516 48
1955888 516 62
1956696 516 75
1957508 516 49
1958320 516 59
1959136 516 54
1959952 516 53
1960764 516 53
1961572 516 59
1962384 517 47
1963200 516 52
1964008 517 64
1964816 516 61
1965632 517 49
1966448 516 60
1967264 516 69
1968072 516 48
1968880 516 53
1969696 515 73
1970512 516 45
1971328 516 45
1972136 515 70
1972944 516 47
1973760 516 44
1974576 517 71
1975392 515 55
1976200 516 44
1977008 518 73
1977824 517 67
1978640 516 43
1979456 516 65
1980264 515 70
1981072 516 45
1981888 516 58
1982704 516 75
1983520 516 50
1984332 516 53
1985136 516 56
1985952 516 56
1986768 517 53
1987576 517 62
1988384 516 55
1989200 515 48
1990016 516 58
1990832 516 67
1991640 516 41
1992452 516 44
1993264 515 68
1994080 515 45
1994896 516 47
1995704 516 71
1996516 515 48
1997328 515 42
1998144 515 71
1998960 516 60
1999768 516 42
2000576 516 66
2001392 516 67
2002208 516 43
2003024 517 63
2003832 517 75
2004644 516 47
2005456 516 61
2006272 516 78
2007088 516 52
2007896 517 54
2008704 515 58
2009520 515 55
2010336 516 48
2011152 516 62
2011964 516 58
2012768 517 48
2013584 516 60
2014400 516 68
2015208 516 48
2016016 517 56
2016832 516 67
2017648 517 43
2018464 516 47
2019272 514 60
2020080 516 45
2020896 516 44
2021712 515 72
2022528 515 55
2023336 516 46
2024144 516 71
2024960 516 60
2025776 516 47
2026592 517 74
2027404 515 64
2028212 516 45
2029024 516 72
2029840 516 69
2030656 517 46
2031464 517 65
2032276 516 72
2033088 516 48
2033904 516 64
2034720 516 76
2035532 515 51
2036340 517 60
2037152 516 79
2037968 515 50
2038780 517 60
2039588 517 55
2040400 516 53
2041216 516 53
2042032 515 57
2042844 515 53
2043652 517 52
2044464 517 63
2045280 515 46
2046096 516 48
2046908 515 63
2047716 516 54
2048532 517 53
2049340 516 65
2050156 516 61
2050968 517 54
2051776 516 64
2052592 516 61
2053408 516 54
2054224 516 62
2055032 516 71
2055840 517 48
2056656 517 62
2057472 517 69
2058288 516 50
2059096 517 62
2059904 516 71
2060720 517 47
2061536 516 54
2062352 515 57
2063160 516 47
2063968 515 53
2064784 516 70
2065600 516 46
2066408 516 52
2067216 515 68
2068032 516 47
2068848 516 54
2069660 516 76
2070472 517 55
2071280 517 59
2072096 516 76
2072912 516 52
2073728 518 56
2074536 516 76
2075344 516 55
2076160 518 55
2076976 517 75
2077792 517 53
2078600 518 55
2079408 516 77
2080224 517 55
2081036 517 54
2081856 516 77
2082664 516 54
2083472 517 54
2084288 517 75
2085104 516 52
2085920 516 50
2086728 516 73
2087536 516 49
2088352 516 50
2089168 515 74
2089976 516 48
2090784 516 49
2091600 514 66
2092416 516 57
2093232 517 56
2094040 516 75
2094848 517 56
2095664 517 53
2096480 516 77
2097296 517 60
2098104 518 52
2098912 516 78
2099728 516 63
2100544 517 53
2101360 517 74
2102168 517 58
2102976 516 50
2103792 517 77
2104608 517 66
2105424 516 53
2106232 517 76
2107040 517 66
2107856 517 50
2108672 516 76
2109488 517 62
2110296 517 46
2111104 516 70
2111920 516 60
2112736 516 46
2113552 515 67
2114360 516 70
2115168 516 47
2115984 516 72
2116800 516 70
2117608 516 46
2118416 517 69
2119232 517 74
2120048 516 52
2120864 516 70
2121672 517 78
2122480 517 49
2123296 517 70
2124112 517 77
2124928 516 50
2125736 516 62
2126544 516 78
2127360 516 54
2128176 516 61
2128992 517 82
2129800 516 56
2130608 517 58
2131424 516 57
2132240 515 50
2133056 517 48
2133864 516 52
2134672 515 55
2135488 513 14
2136304 514 57
2137120 514 27
2137928 515 47
2138736 515 68
2139552 515 59
2140368 516 52
2141176 516 65
2141984 517 0
2142756 516 56
2143576 515 62
2144392 516 55
2145200 516 59
2146008 516 65
2146824 516 58
2147640 516 56
2148456 516 61
2149264 517 60
2150076 517 59
2150888 519 61
2151704 516 59
2152520 517 60
2153328 516 62
2154136 516 56
2154952 517 62
2155768 516 88
2156584 516 56
2157392 516 59
2158200 516 85
2159016 516 54
2159832 517 61
2160648 515 86
2161456 516 54
2162264 516 67
2163080 516 82
2163896 517 55
2164704 516 72
2165512 516 82
2166328 517 54
2167144 517 79
2167960 517 78
2168772 516 53
2169576 516 78
2170392 517 74
2171208 517 55
2172024 517 87
2172832 516 70
2173640 517 61
2174456 517 88
2175272 517 64
2176088 518 62
2176896 517 89
2177704 518 58
2178520 518 67
2179336 515 56
2180152 516 58
2180960 517 69
2181768 515 37
2182584 516 58
2183400 516 74
2184216 516 57
2185024 517 64
2185832 517 71
2186648 516 68
2187464 517 72
2188276 517 94
2189080 517 61
2189896 518 82
2190712 517 95
2191528 517 70
2192336 517 105
2193188 516 101
2194044 516 66
2194864 517 92
2195680 517 79
2196496 517 61
2197304 517 87
2198112 517 66
2198928 518 66
2199744 518 88
2200556 518 67
2201364 517 71
2202176 517 52
2202992 517 62
2203808 518 77
2204620 517 66
2205424 517 65
2206240 518 72
2207056 517 65
2207872 518 68
2208684 517 88
2209488 517 59
2210304 517 78
2211120 517 85
2211936 517 58
2212744 518 86
2213552 517 74
2214368 517 62
2215184 517 89
2216000 518 71
2216808 518 67
2217616 518 90
2218432 518 63
2219248 518 75
2220064 517 81
2220872 518 66
2221680 518 75
2222496 516 63
2223312 518 66
2224124 518 69
2224928 518 66
2225744 518 70
2226560 517 92
2227376 517 61
2228184 517 76
2228992 518 82
2229808 517 58
2230624 518 83
2231440 517 72
2232252 517 59
2233060 516 84
2233872 517 68
2234688 517 64
2235504 517 86
2236316 518 63
2237124 517 67
2237944 517 82
2238760 517 62
2239576 519 70
2240388 517 78
2241200 518 63
2242016 517 74
2242832 517 62
2243648 518 62
2244456 518 73
2245264 517 65
2246080 517 64
2246896 516 64
2247712 517 66
2248520 518 73
2249328 517 92
2250144 518 59
2250960 517 76
2251772 517 83
2252580 517 56
2253392 517 81
2254208 517 75
2255024 517 56
2255832 517 85
2256640 517 72
2257456 518 58
2258272 517 87
2259088 517 70
2259896 517 57
2260704 516 88
2261520 517 62
2262336 517 64
2263152 517 88
2263960 516 64
2264768 518 68
2265584 517 80
2266400 517 59
2267216 517 71
2268024 516 77
2268832 517 59
2269648 518 69
2270464 518 73
2271280 518 62
2272092 517 75
2272896 516 57
2273712 517 63
2274528 517 71
2275344 516 69
2276152 518 64
2276964 517 64
2277776 517 64
2278592 518 64
2279400 516 92
2280208 516 61
2281024 518 66
2281840 517 88
2282656 517 57
2283468 517 68
2284276 518 86
2285088 516 57
2285904 517 70
2286720 517 83
2287528 517 58
2288340 517 70
2289152 516 81
2289968 517 53
2290784 517 74
2291596 516 84
2292412 517 57
2293224 518 75
2294040 517 82
2294856 517 53
2295664 518 74
2296476 516 78
2297288 518 54
2298104 517 73
2298920 517 84
2299728 516 57
2300540 518 73
2301352 517 80
2302168 516 55
2302984 517 72
2303796 516 78
2304604 517 51
2305424 517 68
2306240 516 78
2307048 517 51
2307856 517 67
2308672 516 83
2309488 516 55
2310304 518 67
2311116 518 83
2311920 516 52
2312736 517 64
2313552 517 86
2314368 515 58
2315176 518 64
2315988 516 91
2316800 516 60
2317616 517 63
2318432 517 64
2319240 516 61
2320052 517 62
2320864 517 65
2321680 516 65
2322496 517 61
2323304 517 66
2324112 517 54
2324928 517 56
2325744 517 69
2326560 515 60
2327368 517 53
2328176 516 65
2328992 515 66
2329808 516 50
2330616 516 64
2331424 517 68
2332240 517 52
2333056 517 64
2333872 516 71
2334684 516 50
2335492 516 62
2336304 516 76
2337120 517 54
2337936 517 62
2338744 516 75
2339556 516 50
2340368 517 60
2341184 516 78
2342000 517 54
2342812 516 55
2343616 516 79
2344432 516 57
2345248 517 56
2346064 516 80
2346872 516 58
2347684 517 52
2348496 516 78
2349312 516 56
2350128 516 48
2350936 516 71
2351748 515 60
2352560 515 46
2353376 516 76
2354192 516 67
2355004 516 49
2355820 516 71
2356640 516 72
2357456 516 51
2358264 517 70
2359076 517 79
2359888 516 47
2360704 517 67
2361520 516 79
2362332 516 52
2363136 517 61
2363952 517 82
2364768 516 55
2365584 516 59
2366396 516 60
2367204 516 60
2368024 517 61
2368840 517 65
2369656 515 59
2370464 517 56
2371276 517 64
2372088 516 49
2372904 517 52
2373720 516 63
2374532 515 56
2375340 516 53
2376152 516 65
2376968 516 59
2377784 516 47
2378592 516 62
2379404 515 47
2380216 517 50
2381032 516 65
2381848 515 69
2382656 517 53
2383468 517 67
2384280 516 70
2385096 517 55
2385908 516 64
2386716 516 71
2387528 517 55
2388344 517 68
2389160 517 75
2389972 517 54
2390780 517 67
2391592 516 72
2392408 517 57
2393224 516 63
2394036 516 73
2394844 517 54
2395656 517 66
2396472 516 75
2397288 516 52
2398100 516 61
2398908 516 74
2399720 517 47
2400536 517 62
2401352 517 76
2402160 517 54
2402968 517 67
2403784 517 73
2404600 517 54
2405416 516 67
2406228 516 73
2407036 516 57
2407848 517 67
2408664 516 75
2409480 517 58
2410288 517 71
2411096 516 72
2411912 517 55
2412728 518 66
2413540 515 70
2414348 517 60
2415160 518 66
2415976 516 72
2416792 517 53
2417600 518 70
2418408 516 71
2419224 517 54
2420040 516 67
2420856 517 61
2421664 516 54
2422476 517 65
2423288 515 56
2424104 517 54
2424920 517 66
2425732 516 56
2426540 517 59
2427352 517 70
2428168 516 64
2428984 518 61
2429796 517 66
2430604 517 66
2431416 517 62
2432232 517 61
2433048 517 57
2433856 517 69
2434664 517 89
2435480 516 58
2436296 517 65
2437108 517 83
2437916 517 56
2438736 517 76
2439552 517 83
2440368 517 54
2441176 518 73
2441988 517 77
2442800 517 53
2443616 517 77
2444432 517 69
2445244 516 50
2446048 515 72
2446864 515 63
2447680 516 52
2448496 515 76
2449304 515 64
2450116 517 54
2450928 516 82
2451744 517 59
2452560 517 59
2453372 515 71
2454180 516 61
2454992 518 61
2455808 516 76
2456624 517 52
2457436 518 62
2458252 516 80
2459072 516 52
2459888 517 62
2460704 516 80
2461512 518 55
2462320 517 68
2463136 516 78
2463952 516 58
2464764 517 66
2465568 517 74
2466384 517 57
2467200 517 67
2468016 515 41
2468824 516 53
2469632 516 68
2470448 516 61
2471264 517 56
2472080 517 69
2472888 517 60
2473696 517 57
2474512 517 68
2475328 516 44
2476144 517 60
2476956 517 69
2477760 517 50
2478576 517 56
2479392 517 68
2480208 516 61
2481016 517 58
2481824 517 67
2482640 516 65
2483456 518 61
2484272 517 68
2485080 517 63
2485888 518 60
2486704 518 66
2487520 516 63
2488336 517 62
2489144 517 64
2489952 516 61
2490768 518 59
2491584 517 64
2492396 515 59
2493204 517 58
2494016 517 62
2494832 518 59
2495648 517 49
2496460 515 57
2497264 516 60
2498080 516 55
2498896 516 63
2499712 516 59
2500520 517 59
2501328 517 65
2502144 516 58
2502960 517 61
2503776 517 60
2504584 516 58
2505392 516 59
2506208 518 60
2507024 516 61
2507840 517 60
2508652 516 62
2509460 516 57
2510272 517 61
2511088 518 59
2511904 516 61
2512716 517 60
2513524 516 57
2514336 516 57
2515152 517 58
2515964 516 62
2516780 516 54
2517588 516 58
2518400 516 58
2519216 516 58
2520024 516 55
2520832 516 85
2521648 515 53
2522464 516 56
2523280 516 86
2524088 518 55
2524900 516 64
2525712 516 86
2526528 516 56
2527344 517 67
2528156 516 83
2528968 516 49
2529784 516 71
2530600 516 82
2531416 517 52
2532228 518 72
2533036 516 76
2533848 517 56
2534664 518 79
2535480 517 77
2536292 517 52
2537108 518 77
2537920 518 70
2538736 517 52
2539552 516 79
2540364 517 63
2541172 517 51
2541984 515 76
2542800 516 62
2543612 517 53
2544420 516 77
2545232 517 60
2546048 517 59
2546864 516 83
2547676 516 55
2548484 517 63
2549296 517 78
2550112 517 57
2550928 518 70
2551740 516 73
2552556 517 57
2553376 517 70
2554192 516 70
2555008 517 58
2555820 517 71
2556636 517 66
2557456 518 57
2558272 517 70
2559092 517 47
2559900 518 63
2560716 518 67
2561536 516 61
2562352 517 65
2563168 516 88
2563976 518 59
2564784 517 67
2565600 516 86
2566416 516 51
2567232 517 69
2568040 517 79
2568848 516 52
2569664 517 76
2570480 517 73
2571296 517 56
2572104 517 84
2572912 518 72
2573728 518 53
2574544 517 87
2575352 518 64
2576164 518 58
2576976 517 85
2577792 518 63
2578608 518 60
2579416 517 87
2580224 517 58
2581040 517 67
2581856 517 81
2582672 517 58
2583480 517 68
2584288 517 75
2585104 517 59
2585920 518 71
2586736 516 68
2587544 517 59
2588352 517 70
2589168 517 47
2589984 518 61
2590800 518 67
2591608 517 62
2592416 517 63
2593232 517 87
2594048 517 57
2594864 517 67
2595672 517 85
2596484 517 55
2597296 518 72
2598112 516 79
2598928 516 54
2599736 517 78
2600548 517 77
2601360 517 54
2602176 517 81
2602984 516 72
2603792 518 55
2604608 518 84
2605424 516 67
2606240 516 59
2607048 517 85
2607856 517 64
2608672 518 60
2609488 517 86
2610304 517 63
2611116 517 62
2611924 517 81
2612744 517 58
2613560 517 64
2614376 517 80
2615188 517 51
2615996 518 66
2616808 516 77
2617624 518 57
2618440 517 68
2619248 516 68
2620056 517 59
2620872 517 71
2621688 517 60
2622504 518 62
2623312 518 70
2624120 517 70
2624932 517 65
2625752 517 66
2626568 517 61
2627376 517 66
2628184 517 63
2629000 517 59
2629816 517 63
2630624 518 85
2631432 517 56
2632248 517 76
2633064 517 84
2633880 517 53
2634688 517 72
2635496 517 78
2636312 517 51
2637128 517 75
2637944 517 72
2638752 516 49
2639560 517 76
2640376 516 69
2641192 517 50
2642008 517 80
2642816 517 66
2643624 517 55
2644440 517 81
2645256 517 65
2646072 517 57
2646880 517 83
2647688 517 63
2648504 517 59
2649320 516 82
2650136 517 60
2650944 517 58
2651752 516 82
2652568 517 62
2653384 518 59
2654192 517 84
2655000 518 58
2655816 517 63
2656632 517 81
2657448 518 58
2658256 517 64
2659064 516 79
2659880 517 55
2660696 517 61
2661512 516 77
2662324 517 51
2663132 517 62
2663944 516 76
2664760 516 52
2665576 517 63
2666384 516 74
2667192 517 52
2668008 516 63
2668824 517 79
2669640 517 57
2670448 518 64
2671256 517 77
2672072 517 54
2672888 516 64
2673704 516 74
2674512 517 54
2675320 517 61
2676136 517 73
2676952 517 54
2677768 517 64
2678576 517 77
2679384 517 54
2680200 516 59
2681016 516 77
2681824 517 54
2682632 517 57
2683448 516 80
2684264 517 53
2685080 517 57
2685888 516 78
2686696 516 52
2687512 516 53
2688328 515 76
2689144 516 51
2689952 517 51
2690760 516 80
2691576 516 53
2692392 516 51
2693208 516 78
2694016 516 58
2694824 518 52
2695640 516 78
2696456 516 58
2697272 517 53
2698080 517 80
2698888 516 61
2699704 516 51
2700520 516 77
2701336 516 62
2702144 516 52
2702952 517 76
2703768 516 67
2704584 516 52
2705392 517 78
2706200 516 67
2707016 516 47
2707832 517 72
2708648 516 69
2709456 516 46
2710264 517 68
2711080 516 69
2711896 516 48
2712712 516 67
2713524 515 74
2714332 516 49
2715144 516 64
2715960 517 75
2716776 516 46
2717584 516 65
2718392 516 82
2719208 516 54
2720024 517 62
2720836 517 62
2721648 516 57
2722456 516 58
2723272 516 60
2724088 517 59
2724904 517 54
2725712 516 63
2726520 515 52
2727336 517 55
2728152 516 66
2728968 516 63
2729776 517 52
2730584 517 63
2731400 515 65
2732216 516 48
2733024 516 57
2733832 515 56
2734648 515 45
2735464 513 5
2736236 513 59
2737048 515 46
2737856 516 57
2738672 515 59
2739488 515 47
2740304 516 62
2741112 515 54
2741924 515 56
2742736 516 62
2743552 517 73
2744368 517 49
2745176 518 59
2745984 515 76
2746800 516 48
2747616 517 57
2748432 516 78
2749244 517 57
2750048 517 62
2750864 517 77
2751680 517 51
2752492 517 58
2753296 516 78
2754112 518 55
2754928 517 60
2755744 516 80
2756552 517 56
2757360 517 59
2758176 516 68
2758992 516 52
2759808 518 56
2760616 516 76
2761428 517 48
2762240 517 57
2763056 516 72
2763872 517 57
2764684 517 59
2765492 516 76
2766304 516 55
2767120 517 59
2767936 516 79
2768748 516 56
2769552 517 62
2770368 516 81
2771184 517 59
2772000 517 63
2772808 517 78
2773616 517 54
2774432 517 64
2775248 516 77
2776056 517 52
2776864 517 61
2777680 517 81
2778496 517 51
2779312 517 58
2780124 515 75
2780932 516 50
2781744 517 64
2782560 515 68
2783376 516 46
2784188 517 64
2784992 516 59
2785808 517 56
2786624 517 66
2787440 516 71
2788248 516 56
2789056 517 70
2789872 517 64
2790688 518 54
2791504 517 70
2792316 516 67
2793124 517 61
2793936 518 72
2794752 517 56
2795568 518 58
2796376 517 71
2797188 516 63
2798000 517 58
2798816 517 65
2799632 516 61
2800444 518 65
2801248 517 37
2802064 517 60
2802880 518 65
2803688 517 85
2804496 517 54
2805312 516 64
2806128 516 77
2806944 516 46
2807752 516 61
2808564 515 77
2809376 516 49
2810192 517 68
2811008 516 79
2811820 516 50
2812628 517 77
2813440 516 73
2814256 518 55
2815072 517 74
2815884 516 76
2816708 517 54
2817528 518 82
2818344 517 66
2819160 517 50
2819968 517 81
2820776 516 66
2821592 517 54
2822408 516 88
2823224 516 65
2824032 517 61
2824840 518 83
2825656 517 62
2826472 517 60
2827288 517 82
2828096 517 56
2828904 517 60
2829720 515 67
2830536 517 53
2831344 517 61
2832156 516 78
2832968 517 54
2833784 517 63
2834600 517 77
2835408 517 52
2836216 517 67
2837032 516 52
2837848 517 58
2838664 517 68
2839476 517 67
2840284 517 54
2841096 517 68
2841912 516 70
2842728 518 57
2843536 517 66
2844344 517 67
2845160 517 60
2845976 517 69
2846792 516 68
2847600 517 57
2848408 517 68
2849224 516 66
2850040 517 56
2850856 517 64
2851664 516 50
2852476 516 54
2853288 517 67
2854104 516 66
2854920 516 51
2855728 517 65
2856540 516 57
2857352 518 51
2858168 517 66
2858980 517 51
2859788 517 58
2860600 518 70
2861416 516 62
2862232 517 57
2863044 516 71
2863852 517 54
2864664 517 55
2865480 517 66
2866296 517 64
2867108 517 59
2867916 517 68
2868736 516 59
2869552 517 56
2870368 518 70
2871180 517 60
2871988 517 57
2872800 517 66
2873616 516 60
2874432 517 57
2875240 518 67
2876048 517 60
2876864 517 55
2877680 517 64
2878496 516 57
2879304 516 51
2880116 517 67
2880928 516 0
2881700 516 63
2882512 518 67
2883320 516 63
2884136 518 61
2884952 517 70
2885768 516 65
2886576 516 64
2887384 517 65
2888200 517 66
2889016 517 64
2889832 517 66
2890640 517 64
2891448 517 65
2892264 517 63
2893080 516 61
2893896 517 68
2894704 517 89
2895512 518 59
2896328 517 68
2897144 517 87
2897960 517 56
2898768 517 62
2899576 516 79
2900392 516 51
2901208 516 61
2902024 516 77
2902836 514 25
2903640 515 69
2904456 515 78
2905272 516 52
2906084 516 77
2906888 517 77
2907704 517 53
2908520 517 81
2909336 517 75
2910148 517 56
2910952 517 82
2911768 517 73
2912584 517 60
2913400 516 83
2914208 517 66
2915016 517 58
2915832 518 83
2916648 517 63
2917464 517 59
2918276 516 87
2919084 518 62
2919896 517 63
2920712 517 82
2921528 517 58
2922340 517 62
2923144 517 79
2923960 518 49
2924776 517 64
2925592 515 57
2926404 516 51
2927208 517 64
2928024 516 74
2928840 517 55
2929648 516 68
2930456 516 62
2931272 517 55
2932088 517 69
2932904 517 57
2933712 517 62
2934524 517 70
2935344 517 49
2936160 517 60
2936976 518 69
2937788 517 66
2938596 517 61
2939408 517 64
2940224 517 66
2941040 517 64
2941852 518 59
2942660 516 63
2943472 517 63
2944288 517 83
2945104 518 55
2945916 517 65
2946724 516 82
2947536 516 55
2948352 517 68
2949168 517 80
2949976 516 49
2950784 518 66
2951600 516 78
2952416 516 52
2953232 517 68
2954040 517 75
2954848 516 53
2955664 516 78
2956480 517 79
2957288 517 54
2958096 518 74
2958912 516 71
2959728 516 49
2960544 518 74
2961352 516 71
2962160 517 52
2962976 516 78
2963792 518 73
2964608 518 54
2965416 518 79
2966228 516 68
2967040 516 53
2967856 516 80
2968672 516 68
2969480 517 53
2970292 518 83
2971104 516 66
2971920 516 54
2972736 517 80
2973544 517 63
2974352 517 50
2975168 516 79
2975984 517 62
2976800 517 55
2977608 518 83
2978416 517 62
2979232 517 57
2980048 516 83
2980856 517 61
2981664 518 57
2982480 516 82
2983296 517 63
2984112 518 59
2984920 516 83
2985732 517 59
2986544 518 63
2987360 517 81
2988176 516 54
2988988 517 61
2989792 517 80
2990608 518 60
2991424 517 61
2992240 516 80
2993048 517 57
2993856 517 65
2994672 517 76
2995488 518 53
2996304 516 61
2997112 516 74
2997924 517 49
2998736 518 63
2999552 516 76
3000368 517 50
3001180 506 366
3002044 512 512
3002904 510 376
3003768 510 332
3004632 509 499
3005496 508 429
3006352 508 343
3007220 508 495
3008080 508 459
3008944 507 355
3009808 508 499
3010672 508 469
3011528 508 370
3012384 509 530
3013248 508 442
3014112 508 386
3014976 510 561
3015840 508 417
3016696 508 423
3017556 509 600
3018412 508 408
3019280 509 507
3020144 508 507
3021008 508 425
3021872 508 590
3022732 508 423
3023584 509 506
3024448 508 536
3025312 508 427
3026176 508 587
3027040 508 450
3027900 508 498
3028756 508 548
3029616 507 453
3030480 509 605
3031344 508 448
3032208 508 563
3033068 508 511
3033924 508 476
3034776 508 655
3035640 508 469
3036504 509 627
3037368 509 466
3038232 508 583
3039092 509 512
3039956 509 505
3040824 508 585
3041688 508 494
3042552 508 620
3043416 509 483
3044272 509 635
3045132 508 497
3045992 508 603
3046856 507 508
3047720 508 586
3048584 508 549
3049444 508 535
3050300 508 588
3051156 508 539
3052016 508 610
3052880 508 515
3053744 508 687
3054608 508 525
3055468 508 645
3056324 508 521
3057184 509 678
3058048 509 531
3058912 508 663
3059776 508 527
3060636 508 673
3061492 508 536
3062352 508 677
3063216 508 530
3064080 508 672
3064944 508 543
3065804 508 684
3066668 508 541
3067524 508 681
3068392 508 550
3069256 508 682
3070120 508 549
3070984 509 696
3071844 509 560
3072708 508 678
3073576 508 554
3074440 508 710
3075304 509 568
3076168 508 666
3077024 508 567
3077880 509 658
3078744 508 596
3079608 508 631
3080472 509 599
3081336 508 614
3082196 508 648
3083048 508 591
3083904 509 666
3084768 508 572
3085632 508 693
3086496 508 583
3087352 508 705
3088212 508 580
3089064 508 733
3089928 508 598
3090792 508 661
3091656 508 606
3092520 508 632
3093376 509 665
3094232 508 598
3095096 509 712
3095960 508 585
3096824 508 717
3097688 509 599
3098544 508 696
3099400 510 602
3100264 509 671
3101128 508 650
3101992 508 622
3102856 508 678
3103716 509 600
3104572 508 720
3105432 508 607
3106296 508 707
3107160 508 608
3108024 508 675
3108888 508 655
3109744 508 626
3110604 509 692
3111472 508 604
3112336 509 730
3113200 508 611
3114064 508 699
3114920 508 616
3115780 508 656
3116640 508 683
3117504 509 615
3118368 508 707
3119232 508 606
3120092 509 745
3120944 509 623
3121804 509 676
3122664 508 656
3123528 508 623
3124392 509 715
3125256 508 615
3126116 508 723
3126968 508 612
3127832 508 774
3128696 508 654
3129560 509 641
3130424 508 692
3131280 508 608
3132140 508 734
3133000 509 620
3133864 509 699
3134728 508 633
3135592 508 648
3136452 508 701
3137304 510 617
3138168 509 734
3139032 508 613
3139896 508 764
3140760 509 642
3141620 508 658
3142472 508 683
3143328 508 610
3144192 507 726
3145056 510 620
3145920 508 711
3146784 508 625
3147644 509 666
3148500 508 690
3149360 509 619
3150224 508 743
3151088 508 615
3151952 508 757
3152812 508 636
3153676 508 670
3154536 508 675
3155400 508 616
3156264 509 727
3157128 509 622
3157988 508 717
3158844 508 626
3159708 508 674
3160576 509 692
3161440 508 623
3162304 509 748
3163168 508 620
3164028 509 766
3164892 508 647
3165752 508 668
3166616 509 691
3167480 508 619
3168344 508 737
3169204 509 630
3170060 509 710
3170928 508 650
3171792 508 649
3172656 508 718
3173520 508 629
3174380 508 732
3175244 509 629
3176108 508 696
3176968 508 692
3177832 509 639
3178696 509 754
3179560 508 628
3180420 508 773
3181276 508 660
3182136 508 665
3183000 508 714
3183864 508 632
3184732 508 759
3185588 508 648
3186444 508 688
3187304 508 694
3188168 508 638
3189032 508 753
3189896 508 646
3190756 509 712
3191612 508 683
3192476 508 641
3193344 508 746
3194208 508 648
3195072 508 724
3195936 509 674
3196796 508 654
3197660 508 747
3198528 508 651
3199392 509 729
3200256 508 673
3201116 508 661
3201976 509 753
3202832 508 659
3203696 508 732
3204560 508 690
3205424 508 657
3206288 508 760
3207144 508 664
3208000 509 723
3208856 508 713
3209720 508 658
3210584 508 773
3211448 509 675
3212312 509 703
3213172 507 733
3214024 508 662
3214888 509 793
3215752 509 698
3216616 508 683
3217480 509 776
3218336 508 668
3219192 509 734
3220056 508 733
3220920 508 674
3221784 508 768
3222648 508 680
3223504 508 696
3224364 508 766
3225216 508 679
3226080 508 740
3226944 508 724
3227808 509 678
3228664 509 794
3229524 508 702
3230376 509 700
3231240 509 794
3232104 508 683
3232968 508 737
3233832 508 756
3234692 508 687
3235544 508 764
3236408 510 719
3237272 509 689
3238136 508 794
3239000 508 707
3239856 508 711
3240716 508 800
3241576 508 692
3242440 508 744
3243304 509 771
3244168 510 702
3245024 508 766
3245880 508 747
3246740 508 694
3247600 508 814
3248464 508 736
3249328 508 704
3250192 508 791
3251052 508 710
3251916 508 711
3252784 509 798
3253648 508 713
3254512 508 730
3255376 508 781
3256236 508 706
3257092 509 751
3257952 509 789
3258816 508 714
3259680 508 761
3260544 509 773
3261404 508 708
3262260 509 775
3263124 508 776
3263984 508 715
3264852 508 779
3265712 508 764
3266576 508 714
3267432 509 838
3268292 508 775
3269152 508 721
3270016 509 786
3270880 509 766
3271744 508 723
3272604 508 843
3273460 508 783
3274320 508 729
3275184 508 789
3276052 508 782
3276912 508 729
3277768 508 788
3278624 509 800
3279484 507 736
3280352 508 778
3281216 508 801
3282076 508 736
3282936 508 769
3283792 509 821
3284648 509 752
3285512 508 756
3286376 508 827
3287240 508 751
3288104 508 745
3288960 508 842
3289816 508 785
3290680 508 749
3291544 508 810
3292408 509 799
3293272 508 749
3294128 508 793
3294984 508 826
3295848 508 762
3296712 508 771
3297576 509 839
3298440 508 775
3299296 508 759
3300152 508 863
3301008 508 817
3301872 508 765
3302736 508 797
3303600 508 852
3304464 509 770
3305320 508 770
3306176 509 861
3307040 508 812
3307904 508 772
3308768 508 813
3309632 509 847
3310488 509 778
3311344 509 777
3312208 508 865
3313072 508 818
3313936 509 781
3314800 508 815
3315656 509 854
3316512 508 788
3317376 508 783
3318240 508 879
3319104 508 840
3319968 508 793
3320828 508 803
3321680 508 859
3322536 509 818
3323400 508 793
3324264 509 832
3325128 508 867
3325992 508 821
3326848 509 803
3327704 508 845
3328568 508 859
3329428 507 809
3330292 509 804
3331160 508 855
3332016 508 867
3332872 508 821
3333736 509 816
3334600 509 860
3335464 508 881
3336328 508 824
3337184 509 821
3338040 509 865
3338896 509 885
3339760 508 845
3340624 508 829
3341488 508 854
3342352 508 891
3343208 508 854
3344064 509 834
3344928 508 845
3345792 509 909
3346656 508 881
3347520 508 845
3348376 508 840
3349232 508 876
3350096 509 906
3350960 509 861
3351824 508 845
3352688 508 858
3353544 508 916
3354404 509 893
3355264 508 858
3356128 508 854
3356992 508 880
3357856 509 909
3358712 509 886
3359572 509 861
3360424 509 860
3361284 509 896
3362148 509 916
3363016 509 894
3363880 508 870
3364736 509 870
3365592 508 901
3366456 508 923
3367320 508 895
3368184 508 874
3369048 508 875
3369904 508 904
3370760 508 931
3371624 509 914
3372488 508 888
3373352 508 883
3374216 509 898
3375072 509 925
3375928 509 934
3376788 508 903
3377648 509 893
3378512 508 894
3379376 508 919
3380240 508 944
3381096 508 930
3381952 507 907
3382816 508 900
3383680 509 906
3384544 509 927
3385408 508 945
3386264 508 932
3387120 508 911
3387984 508 907
3388848 508 909
3389712 508 933
3390576 510 959
3391436 509 947
3392292 508 929
3393152 508 917
3394016 508 916
3394880 509 930
3395744 508 947
3396600 508 959
3397456 508 939
3398312 509 924
3399176 508 924
3400040 509 927
3400904 508 946
3401768 508 970
3402624 508 961
3403480 508 950
3404344 509 940
3405208 508 935
3406072 508 938
3406936 508 951
3407792 508 964
3408648 509 974
3409512 508 957
3410376 508 944
3411240 508 941
3412104 509 944
3412960 509 949
3413816 508 964
3414672 508 981
3415536 509 974
3416400 509 967
3417264 509 959
3418128 509 955
3418988 508 955
3419844 508 960
3420704 509 973
3421568 508 980
3422432 507 986
3423296 508 978
3424152 508 969
3425008 509 965
3425872 509 965
3426736 509 967
3427600 508 971
3428464 509 984
3429324 508 999
3430180 508 994
3431040 509 994
3431904 508 987
3432768 509 980
3433632 508 978
3434488 508 977
3435344 508 979
3436204 509 986
3437064 509 994
3437928 508 997
3438792 508 1002
3439700 509 1005
3440604 509 999
3441468 508 995
3442320 508 992
3443184 508 992
3444048 510 997
3444912 508 998
3445776 508 1001
3446676 507 1004
3447580 508 1022
3448492 508 1017
3449404 508 1014
3450308 508 1012
3451220 509 1010
3452132 509 1010
3453036 508 1007
3453940 508 1007
3454844 508 1007
3455748 509 1009
3456660 509 1013
3457568 509 1018
3458476 508 1019
3459380 508 1021
3460284 508 1023
3461188 509 1023
3462084 508 1023
3462988 508 1023
3463892 508 1023
3464804 508 1023
3465708 509 1023
3466612 508 1023
3467516 509 1023
3468420 508 1023
3469332 508 1023
3470236 508 1023
3471140 509 1023
3472044 508 1023
3472952 508 1023
3473860 508 1023
3474772 509 1023
3475684 508 1023
3476596 508 1023
3477500 509 1023
3478412 509 1023
3479316 508 1023
3480228 508 1023
3481140 508 1023
3482052 509 1023
3482960 509 1023
3483864 508 1023
3484772 508 1023
3485668 508 1023
3486572 508 1023
3487476 508 1023
3488388 509 1023
3489300 508 1023
3490204 509 1023
3491108 509 1023
3492020 508 1023
3492932 509 1023
3493828 509 1023
3494732 510 1023
3495636 508 1023
3496548 508 1023
3497460 510 1023
3498372 509 1023
3499284 509 1023
3500196 508 1023
3501108 508 1023
3502012 509 1023
3502916 508 1023
3503820 508 1023
3504732 508 1023
3505644 509 1023
3506556 509 1023
3507468 509 1023
3508380 508 1023
3509284 508 1023
3510188 508 1023
3511092 509 1023
3511996 508 1023
3512908 509 1023
3513820 508 1023
3514732 509 1023
3515644 508 1023
3516556 508 1023
3517468 508 1023
3518372 509 1023
3519280 509 1023
3520184 508 1023
3521092 508 1023
3521996 508 1023
3522908 509 1023
3523820 510 1023
3524724 509 1023
3525628 509 1023
3526532 508 1023
3527436 508 1023
3528348 509 1023
3529260 508 1023
3530164 508 1023
3531076 509 1023
3531988 508 1023
3532900 508 1023
3533804 509 1023
3534708 508 1023
3535612 509 1023
3536524 508 1023
3537436 509 1023
3538340 508 1023
3539252 509 1023
3540164 508 1023
3541068 508 1023
3541964 508 1023
3542868 508 1023
3543772 509 1023
3544684 509 1023
3545596 509 1023
3546508 508 1023
3547420 508 1023
3548332 508 1023
3549244 508 1023
3550148 508 1023
3551052 509 1023
3551956 508 1023
3552868 508 1023
3553780 508 1023
3554692 509 1023
3555596 509 1023
3556508 508 1023
3557420 507 1023
3558328 508 1023
3559232 509 1023
3560132 508 1023
3561044 509 1023
3561956 509 1023
3562868 508 1023
3563780 508 1023
3564692 509 1023
3565604 508 1023
3566508 508 1023
3567412 508 1023
3568316 508 1023
3569228 507 1023
3570140 508 1023
3571052 509 1023
3571964 509 1023
3572876 508 1023
3573788 509 1023
3574692 508 1023
3575596 508 1023
3576504 508 1023
3577412 509 1023
3578324 509 1023
3579236 508 1023
3580148 508 1023
3581060 508 1023
3581972 508 1023
3582880 508 1023
3583784 509 1023
3584688 509 1023
3585592 509 1023
3586500 508 1023
3587412 508 1023
3588316 509 1023
3589220 508 1023
3590124 508 1023
3591028 509 1023
3591932 508 1023
3592844 508 1023
3593756 509 1023
3594668 509 1023
3595580 509 1023
3596492 508 1023
3597404 508 1023
3598308 508 1023
3599212 509 1023
3600116 508 1023
3601028 508 1023
3601932 508 1023
3602836 508 1023
3603740 509 1023
3604652 509 1023
3605560 508 1023
3606460 508 1023
3607364 508 1023
3608268 508 1023
3609180 508 1023
3610084 508 1023
3610992 508 1023
3611900 509 1023
3612804 508 1023
3613712 508 1023
3614612 508 1023
3615516 509 1023
3616428 508 1023
3617336 509 1023
3618244 508 1023
3619148 508 1023
3620052 508 1023
3620964 508 1023
3621860 508 1023
3622764 508 1023
3623668 508 1023
3624580 508 1023
3625492 509 1023
3626396 508 1023
3627300 508 1023
3628212 509 1023
3629124 508 1023
3630020 508 1023
3630924 509 1023
3631828 508 1023
3632740 508 1023
3633652 509 1023
3634564 508 1023
3635476 509 1023
3636388 508 1023
3637292 509 1023
3638188 508 1023
3639092 509 1023
3639996 508 1023
3640908 508 1023
3641820 508 1023
3642732 509 1023
3643636 508 1023
3644548 509 1023
3645460 509 1023
3646364 508 1023
3647268 508 1023
3648172 508 1023
3649080 509 1023
3649988 508 1023
3650892 508 1023
3651796 508 1023
3652700 509 1023
3653604 508 1023
3654508 509 1023
3655412 508 1023
3656324 508 1023
3657236 509 1023
3658140 509 1023
3659052 508 1023
3659964 508 1023
3660876 508 1023
3661780 508 1023
3662684 509 1023
3663588 507 1023
3664500 508 1023
3665412 509 1023
3666324 509 1023
3667236 508 1023
3668148 509 1023
3669052 508 1023
3669956 508 1023
3670860 509 1023
3671764 508 1023
3672676 508 1023
3673588 508 1023
3674500 509 1023
3675412 508 1023
3676324 508 1023
3677236 509 1023
3678140 509 1023
3679048 508 1023
3679952 508 1023
3680860 508 1023
3681772 508 1023
3682676 509 1023
3683580 509 1023
3684492 509 1023
3685404 508 1023
3686308 508 1023
3687216 508 1023
3688116 508 1023
3689024 508 1023
3689928 508 1023
3690832 509 1023
3691740 508 1023
3692644 508 1023
3693540 508 1023
3694444 509 1023
3695348 509 1023
3696260 508 1023
3697172 509 1023
3698076 509 1023
3698980 508 1023
3699884 509 1023
3700796 508 1023
3701692 509 1023
3702596 508 1023
3703500 508 1023
3704412 508 1023
3705324 509 1023
3706228 509 1023
3707140 509 1023
3708052 508 1023
3708964 508 1023
3709868 509 1023
3710772 509 1023
3711676 509 1023
3712588 509 1023
3713500 508 1023
3714404 508 1023
3715308 509 1023
3716212 508 1023
3717116 508 1023
3718028 509 1023
3718932 508 1023
3719844 508 1023
3720756 508 1023
3721668 508 1023
3722580 509 1023
3723492 509 1023
3724396 509 1023
3725304 508 1023
3726204 508 1023
3727108 508 1023
3728020 508 1023
3728928 507 1023
3729836 509 1023
3730740 508 1023
3731652 509 1023
3732564 508 1023
3733468 508 1023
3734372 508 1023
3735280 509 1023
3736188 509 1023
3737100 509 1023
3738012 509 1023
3738924 508 1023
3739828 508 1023
3740740 508 1023
3741644 508 1023
3742548 508 1023
3743452 508 1023
3744364 509 1023
3745276 509 1023
3746188 507 1023
3747100 508 1023
3748012 508 1023
3748924 508 1023
3749820 508 1023
3750724 509 1023
3751628 508 1023
3752540 508 1023
3753452 508 1023
3754364 508 1023
3755276 508 1023
3756188 509 1023
3757100 509 1023
3758008 508 1023
3758912 509 1023
3759816 510 1023
3760724 508 1023
3761636 509 1023
3762548 509 1023
3763460 508 1023
3764372 510 1023
3765284 508 1023
3766188 508 1023
3767092 508 1023
3767996 508 1023
3768908 508 1023
3769820 508 1023
3770732 508 1023
3771636 509 1023
3772548 508 1023
3773460 508 1023
3774364 508 1023
3775272 508 1023
3776176 508 1023
3777084 509 1023
3777988 509 1023
3778900 508 1023
3779812 508 1023
3780716 508 1023
3781624 508 1023
3782524 508 1023
3783428 508 1023
3784340 509 1023
3785252 509 1023
3786164 508 1023
3787076 508 1023
3787988 508 1023
3788900 508 1023
3789804 508 1023
3790708 509 1023
3791612 509 1023
3792524 508 1023
3793436 509 1023
3794348 509 1023
3795260 508 1023
3796172 508 1023
3797084 508 1023
3797988 508 1023
3798892 508 1023
3799796 508 1023
3800708 509 1023
3801620 508 1023
3802532 508 1023
3803436 508 1023
3804348 509 1023
3805260 508 1023
3806168 508 1023
3807072 508 1023
3807976 508 1023
3808884 508 1023
3809796 509 1023
3810708 508 1023
3811620 509 1023
3812532 508 1023
3813444 508 1023
3814348 509 1023
3815256 508 1023
3816156 508 1023
3817068 509 1023
3817980 509 1023
3818892 508 1023
3819804 508 1023
3820716 508 1023
3821628 509 1023
3822532 508 1023
3823440 508 1023
3824344 508 1023
3825252 509 1023
3826164 509 1023
3827076 508 1023
3827988 509 1023
3828900 508 1023
3829812 508 1023
3830716 509 1023
3831624 508 1023
3832528 508 1023
3833436 508 1023
3834348 509 1023
3835260 508 1023
3836172 509 1023
3837084 509 1023
3837996 508 1023
3838904 509 1023
3839808 508 1023
3840712 508 1023
3841620 508 1023
3842520 508 1023
3843428 508 1023
3844332 509 1023
3845236 508 1023
3846140 508 1023
3847044 508 1023
3847948 508 1023
3848860 509 1023
3849772 509 1023
3850676 508 1023
3851580 508 1023
3852484 509 1023
3853396 508 1023
3854292 509 1023
3855196 508 1023
3856100 508 1023
3857012 509 1023
3857916 509 1023
3858820 508 1023
3859732 508 1023
3860644 508 1023
3861556 508 1023
3862452 508 1023
3863356 508 1023
3864260 508 1023
3865172 508 1023
3866084 509 1023
3866996 509 1023
3867900 509 1023
3868812 508 1023
3869724 508 1023
3870620 509 1023
3871528 509 1023
3872428 509 1023
3873340 508 1023
3874244 509 1023
3875156 509 1023
3876068 508 1023
3876980 508 1023
3877884 509 1023
3878796 508 1023
3879700 508 1023
3880612 508 1023
3881524 509 1023
3882436 509 1023
3883348 508 1023
3884260 509 1023
3885172 508 1023
3886076 508 1023
3886992 508 1023
3887896 508 1023
3888804 507 1023
3889716 508 1023
3890628 508 1023
3891540 509 1023
3892452 508 1023
3893356 508 1023
3894260 509 1023
3895164 509 1023
3896068 508 1023
3896980 508 1023
3897892 509 1023
3898804 508 1023
3899716 508 1023
3900628 508 1023
3901540 508 1023
3902444 508 1023
3903348 508 1023
3904256 509 1023
3905164 509 1023
3906068 508 1023
3906980 509 1023
3907892 508 1023
3908804 508 1023
3909716 509 1023
3910620 510 1023
3911524 509 1023
3912432 508 1023
3913340 508 1023
3914252 508 1023
3915164 508 1023
3916076 509 1023
3916988 508 1023
3917900 508 1023
3918808 509 1023
3919708 508 1023
3920616 508 1023
3921524 508 1023
3922436 508 1023
3923348 508 1023
3924260 510 1023
3925172 508 1023
3926084 508 1023
3926988 508 1023
3927896 509 1023
3928800 509 1023
3929708 508 1023
3930620 508 1023
3931532 509 1023
3932444 508 1023
3933356 508 1023
3934260 508 1023
3935164 509 1023
3936068 508 1023
3936972 509 1023
3937884 509 1023
3938788 509 1023
3939692 508 1023
3940604 508 1023
3941516 508 1023
3942428 508 1023
3943332 509 1023
3944236 508 1023
3945140 509 1023
3946052 508 1023
3946964 508 1023
3947876 508 1023
3948780 508 1023
3949692 508 1023
3950604 509 1023
3951508 509 1023
3952416 508 1023
3953324 508 1023
3954236 508 1023
3955148 508 1023
3956060 509 1023
3956972 509 1023
3957884 508 1023
3958796 508 1023
3959700 509 1023
3960604 508 1023
3961516 509 1023
3962428 508 1023
3963340 508 1023
3964252 510 1023
3965164 509 1023
3966076 508 1023
3966988 508 1023
3967896 508 1023
3968800 508 1023
3969708 508 1023
3970612 508 1023
3971516 509 1023
3972428 509 1023
3973340 509 1023
3974252 508 1023
3975156 508 1023
3976060 508 1023
3976964 508 1023
3977876 509 1023
3978780 509 1023
3979692 508 1023
3980604 508 1023
3981516 509 1023
3982428 508 1023
3983332 508 1023
3984240 509 1023
3985140 508 1023
3986052 508 1023
3986964 508 1023
3987876 508 1023
3988788 509 1023
3989700 509 1023
3990612 509 1023
3991520 509 1023
3992424 508 1023
3993324 508 1023
3994236 509 1023
3995148 509 1023
3996060 508 1023
3996972 508 1023
3997884 509 1023
3998796 509 1023
3999700 509 1023
4000608 508 1023
END
