 1023.00
61650208.00 510.00 1023.00
61651960.00 510.00 1023.00
6165372400  1023.00
61646680.00 510.00 1023.00
61648440.00 510.00 1023.00
61650208.00 510.00 1023.00
61651960.00 510.00 1023.00
6165372400 Start

time_(μs) raw_current raw_low_voltage
316.00 471.00 957.00
1924.00 475.00 958.00
3480.00 480.00 962.00
5040.00 483.00 967.00
6600.00 489.00 967.00
8160.00 494.00 969.00
9720.00 499.00 970.00
11288.00 504.00 971.00
12884.00 508.00 973.00
14492.00 509.00 976.00
16092.00 510.00 980.00
17700.00 509.00 981.00
19300.00 510.00 981.00
20900.00 509.00 983.00
22500.00 510.00 987.00
24100.00 510.00 991.00
25708.00 510.00 993.00
27308.00 510.00 999.00
28916.00 510.00 1005.00
30560.00 510.00 1010.00
32208.00 510.00 1015.00
33864.00 510.00 1018.00
35504.00 510.00 1021.00
37160.00 509.00 1023.00
38808.00 510.00 1023.00
40456.00 510.00 1023.00
42112.00 510.00 1023.00
43756.00 510.00 1023.00
45408.00 510.00 1023.00
47052.00 510.00 1023.00
48700.00 510.00 1023.00
50352.00 510.00 1023.00
51996.00 510.00 1023.00
53648.00 509.00 1023.00
55288.00 510.00 1023.00
56940.00 510.00 1023.00
58592.00 509.00 1023.00
60236.00 510.00 1023.00
61884.00 509.00 1023.00
63536.00 510.00 1023.00
65180.00 510.00 1023.00
66832.00 509.00 1023.00
68484.00 510.00 1023.00
70132.00 509.00 1023.00
71788.00 509.00 1023.00
73436.00 510.00 1021.00
75092.00 509.00 1018.00
76740.00 510.00 1013.00
78388.00 510.00 1009.00
80044.00 510.00 1007.00
81692.00 509.00 1006.00
83344.00 510.00 1005.00
85000.00 510.00 1008.00
86652.00 510.00 1010.00
88308.00 510.00 1014.00
89956.00 509.00 1018.00
91604.00 510.00 1021.00
93260.00 509.00 1023.00
94908.00 510.00 1023.00
96564.00 510.00 1023.00
98212.00 510.00 1023.00
99860.00 510.00 1023.00
101516.00 510.00 1023.00
103208.00 510.00 1023.00
104904.00 510.00 1023.00
106604.00 510.00 1023.00
108296.00 510.00 1023.00
109996.00 510.00 1023.00
111696.00 510.00 1022.00
113384.00 509.00 1021.00
115084.00 510.00 1020.00
116784.00 509.00 1019.00
118480.00 510.00 1019.00
120180.00 509.00 1020.00
121876.00 510.00 1020.00
123568.00 510.00 1022.00
125268.00 510.00 1023.00
126960.00 510.00 1023.00
128656.00 510.00 1023.00
130356.00 510.00 1023.00
132048.00 510.00 1023.00
133720.00 510.00 1023.00
135400.00 510.00 1023.00
137072.00 509.00 1023.00
138744.00 509.00 1023.00
140424.00 510.00 1023.00
142100.00 510.00 1023.00
143776.00 510.00 1023.00
145456.00 510.00 1023.00
147132.00 510.00 1023.00
148808.00 510.00 1023.00
150480.00 510.00 1023.00
152156.00 510.00 1023.00
153832.00 510.00 1023.00
155504.00 510.00 1023.00
157180.00 510.00 1023.00
158856.00 510.00 1023.00
160532.00 509.00 1023.00
162208.00 510.00 1023.00
163888.00 509.00 1023.00
165560.00 510.00 1023.00
167240.00 510.00 1023.00
168912.00 511.00 1023.00
170584.00 510.00 1023.00
172264.00 510.00 1023.00
173936.00 510.00 1023.00
175612.00 510.00 1023.00
177288.00 509.00 1023.00
178960.00 511.00 1023.00
180640.00 509.00 1023.00
182320.00 509.00 1023.00
183996.00 510.00 1023.00
185672.00 510.00 1023.00
187344.00 510.00 1023.00
189020.00 510.00 1022.00
190696.00 510.00 1023.00
192372.00 510.00 1023.00
194040.00 510.00 1023.00
195720.00 511.00 1023.00
197396.00 510.00 1023.00
199072.00 510.00 1023.00
200752.00 509.00 1023.00
202428.00 509.00 1023.00
204104.00 510.00 1023.00
205780.00 510.00 1023.00
207448.00 510.00 1023.00
209128.00 510.00 1023.00
210800.00 510.00 1023.00
212472.00 509.00 1023.00
214152.00 510.00 1023.00
215828.00 510.00 1023.00
217504.00 510.00 1023.00
219184.00 509.00 1023.00
220860.00 509.00 1023.00
222536.00 510.00 1023.00
224212.00 509.00 1023.00
225880.00 510.00 1023.00
227560.00 509.00 1023.00
229232.00 510.00 1023.00
230908.00 509.00 1023.00
232584.00 510.00 1023.00
234260.00 509.00 1023.00
235936.00 510.00 1023.00
237616.00 510.00 1023.00
239292.00 510.00 1023.00
240968.00 509.00 1023.00
242640.00 510.00 1023.00
244316.00 510.00 1023.00
245992.00 510.00 1023.00
247668.00 510.00 1023.00
249340.00 510.00 1023.00
251016.00 511.00 1023.00
252692.00 510.00 1023.00
254368.00 509.00 1023.00
256048.00 510.00 1023.00
257720.00 510.00 1023.00
259400.00 509.00 1023.00
261072.00 510.00 1023.00
262748.00 510.00 1023.00
264424.00 511.00 1023.00
266096.00 510.00 1023.00
267768.00 510.00 1023.00
269448.00 510.00 1023.00
271120.00 510.00 1023.00
272800.00 510.00 1023.00
274480.00 510.00 1023.00
276152.00 509.00 1023.00
277832.00 510.00 1023.00
279508.00 510.00 1023.00
281180.00 510.00 1023.00
282856.00 509.00 1023.00
284532.00 510.00 1023.00
286204.00 510.00 1023.00
287880.00 509.00 1023.00
289556.00 510.00 1023.00
291232.00 510.00 1023.00
292912.00 510.00 1023.00
294588.00 510.00 1023.00
296264.00 510.00 1022.00
297940.00 510.00 1023.00
299612.00 509.00 1023.00
301288.00 510.00 1023.00
302964.00 509.00 1023.00
304636.00 510.00 1023.00
306312.00 509.00 1023.00
307988.00 510.00 1023.00
309664.00 510.00 1023.00
311344.00 510.00 1023.00
313020.00 509.00 1023.00
314696.00 510.00 1023.00
316372.00 510.00 1023.00
318044.00 510.00 1023.00
319720.00 509.00 1023.00
321396.00 510.00 1023.00
323068.00 510.00 1023.00
324744.00 510.00 1023.00
326420.00 510.00 1023.00
328096.00 510.00 1023.00
329776.00 510.00 1023.00
331440.00 510.00 1023.00
333120.00 510.00 1023.00
334792.00 510.00 1023.00
336468.00 509.00 1023.00
338144.00 511.00 1023.00
339816.00 510.00 1023.00
341492.00 510.00 1023.00
343168.00 511.00 1023.00
344844.00 510.00 1023.00
346520.00 510.00 1023.00
348200.00 510.00 1023.00
349872.00 510.00 1023.00
351552.00 510.00 1023.00
353228.00 509.00 1023.00
354900.00 510.00 1023.00
356576.00 510.00 1023.00
358252.00 510.00 1023.00
359924.00 509.00 1023.00
361600.00 509.00 1023.00
363272.00 510.00 1023.00
364952.00 510.00 1023.00
366632.00 510.00 1023.00
368308.00 510.00 1023.00
369984.00 509.00 1023.00
371656.00 510.00 1023.00
373332.00 510.00 1023.00
375008.00 510.00 1023.00
376684.00 510.00 1023.00
378356.00 510.00 1023.00
380032.00 509.00 1023.00
381708.00 509.00 1023.00
383384.00 510.00 1023.00
385064.00 510.00 1023.00
386736.00 510.00 1023.00
388416.00 510.00 1023.00
390092.00 510.00 1023.00
391764.00 510.00 1023.00
393440.00 510.00 1023.00
395116.00 510.00 1023.00
396788.00 510.00 1023.00
398464.00 510.00 1023.00
400140.00 510.00 1023.00
401816.00 511.00 1023.00
403496.00 510.00 1023.00
405172.00 510.00 1023.00
406848.00 510.00 1023.00
408524.00 510.00 1023.00
410196.00 509.00 1023.00
411872.00 510.00 1023.00
413544.00 510.00 1023.00
415216.00 510.00 1023.00
416896.00 510.00 1023.00
418568.00 510.00 1023.00
420248.00 510.00 1023.00
421928.00 510.00 1023.00
423600.00 510.00 1023.00
425280.00 509.00 1023.00
426952.00 510.00 1023.00
428628.00 511.00 1023.00
430304.00 510.00 1023.00
431980.00 510.00 1023.00
433652.00 510.00 1023.00
435328.00 510.00 1023.00
437000.00 509.00 1023.00
438680.00 509.00 1023.00
440360.00 510.00 1023.00
442032.00 509.00 1023.00
443712.00 510.00 1023.00
445388.00 510.00 1023.00
447060.00 510.00 1023.00
448736.00 510.00 1023.00
450412.00 510.00 1023.00
452084.00 510.00 1023.00
453760.00 510.00 1023.00
455436.00 510.00 1023.00
457112.00 510.00 1023.00
458792.00 509.00 1023.00
460468.00 510.00 1023.00
462144.00 509.00 1023.00
463816.00 510.00 1023.00
465492.00 510.00 1023.00
467168.00 510.00 1023.00
468844.00 510.00 1023.00
470516.00 510.00 1023.00
472192.00 510.00 1023.00
473868.00 511.00 1023.00
475544.00 510.00 1023.00
477224.00 510.00 1023.00
478900.00 510.00 1023.00
480576.00 510.00 1023.00
482252.00 510.00 1023.00
483924.00 510.00 1023.00
485600.00 510.00 1023.00
487276.00 510.00 1023.00
488948.00 510.00 1023.00
490624.00 510.00 1023.00
492300.00 510.00 1023.00
493976.00 510.00 1023.00
495656.00 510.00 1023.00
497332.00 510.00 1023.00
499008.00 509.00 1023.00
500684.00 510.00 1023.00
502356.00 509.00 1023.00
504032.00 510.00 1023.00
505708.00 510.00 1023.00
507380.00 510.00 1023.00
509056.00 510.00 1023.00
510732.00 510.00 1023.00
512408.00 510.00 1023.00
514088.00 510.00 1023.00
515752.00 509.00 1023.00
517432.00 510.00 1023.00
519108.00 510.00 1023.00
520780.00 509.00 1023.00
522456.00 510.00 1023.00
524128.00 510.00 1023.00
525804.00 510.00 1023.00
527480.00 510.00 1023.00
529156.00 510.00 1023.00
530832.00 510.00 1023.00
532512.00 510.00 1023.00
534184.00 509.00 1023.00
535864.00 510.00 1023.00
537540.00 509.00 1023.00
539212.00 510.00 1023.00
540888.00 510.00 1023.00
542560.00 509.00 1023.00
544236.00 510.00 1023.00
545912.00 510.00 1023.00
547588.00 510.00 1023.00
549264.00 510.00 1023.00
550944.00 511.00 1023.00
552620.00 510.00 1023.00
554296.00 510.00 1023.00
555972.00 510.00 1023.00
557644.00 510.00 1023.00
559320.00 510.00 1023.00
560996.00 509.00 1023.00
562664.00 510.00 1023.00
564344.00 510.00 1023.00
566020.00 510.00 1023.00
567696.00 510.00 1023.00
569376.00 510.00 1023.00
571052.00 510.00 1023.00
572728.00 509.00 1023.00
574404.00 511.00 1023.00
576072.00 510.00 1023.00
577752.00 510.00 1023.00
579420.00 510.00 1023.00
581092.00 509.00 1023.00
582768.00 510.00 1022.00
584444.00 510.00 1023.00
586120.00 510.00 1023.00
587800.00 510.00 1023.00
589476.00 510.00 1023.00
591152.00 510.00 1023.00
592828.00 510.00 1023.00
594500.00 510.00 1023.00
596176.00 510.00 1023.00
597852.00 510.00 1023.00
599524.00 510.00 1023.00
601200.00 509.00 1023.00
602876.00 509.00 1023.00
604552.00 509.00 1023.00
606232.00 510.00 1023.00
607908.00 510.00 1023.00
609588.00 510.00 1023.00
611260.00 510.00 1023.00
612932.00 509.00 1023.00
614608.00 510.00 1023.00
616280.00 510.00 1023.00
617956.00 509.00 1023.00
619632.00 509.00 1023.00
621308.00 510.00 1023.00
622984.00 509.00 1023.00
624664.00 511.00 1023.00
626336.00 509.00 1023.00
628016.00 510.00 1023.00
629692.00 510.00 1023.00
631364.00 510.00 1023.00
633040.00 510.00 1023.00
634716.00 509.00 1023.00
636388.00 510.00 1023.00
638064.00 510.00 1023.00
639740.00 510.00 1023.00
641420.00 510.00 1023.00
643096.00 509.00 1023.00
644772.00 510.00 1023.00
646448.00 511.00 1023.00
648120.00 509.00 1023.00
649792.00 509.00 1023.00
651472.00 510.00 1023.00
653148.00 511.00 1023.00
654820.00 510.00 1023.00
656496.00 510.00 1023.00
658168.00 510.00 1023.00
659848.00 510.00 1023.00
661520.00 509.00 1023.00
663192.00 510.00 1023.00
664872.00 510.00 1023.00
666548.00 510.00 1023.00
668216.00 511.00 1023.00
669896.00 509.00 1023.00
671560.00 510.00 1023.00
673236.00 510.00 1023.00
674912.00 510.00 1023.00
676588.00 510.00 1023.00
678264.00 510.00 1023.00
679944.00 509.00 1023.00
681620.00 510.00 1023.00
683296.00 509.00 1023.00
684960.00 510.00 1023.00
686632.00 509.00 1023.00
688312.00 510.00 1023.00
689988.00 510.00 1023.00
691660.00 510.00 1023.00
693336.00 510.00 1023.00
695012.00 510.00 1023.00
696688.00 510.00 1023.00
698360.00 510.00 1023.00
700044.00 509.00 1023.00
701720.00 510.00 1023.00
703396.00 510.00 1023.00
705068.00 510.00 1023.00
706744.00 509.00 1023.00
708416.00 510.00 1023.00
710092.00 510.00 1023.00
711768.00 510.00 1023.00
713444.00 510.00 1023.00
715120.00 510.00 1023.00
716796.00 510.00 1023.00
718476.00 510.00 1023.00
720152.00 509.00 1023.00
721824.00 510.00 1023.00
723500.00 510.00 1023.00
725176.00 510.00 1023.00
726852.00 510.00 1023.00
728524.00 510.00 1023.00
730200.00 510.00 1023.00
731876.00 510.00 1023.00
733552.00 509.00 1023.00
735228.00 510.00 1023.00
736908.00 509.00 1023.00
738584.00 510.00 1023.00
740256.00 510.00 1023.00
741932.00 510.00 1023.00
743608.00 510.00 1023.00
745284.00 510.00 1023.00
746956.00 510.00 1023.00
748632.00 510.00 1023.00
750308.00 510.00 1023.00
751984.00 509.00 1023.00
753660.00 509.00 1023.00
755340.00 509.00 1023.00
757016.00 510.00 1023.00
758692.00 510.00 1023.00
760364.00 510.00 1023.00
762040.00 510.00 1023.00
763716.00 510.00 1023.00
765388.00 510.00 1023.00
767064.00 510.00 1023.00
768740.00 511.00 1023.00
770416.00 509.00 1023.00
772092.00 510.00 1023.00
773772.00 510.00 1023.00
775448.00 510.00 1023.00
777124.00 511.00 1023.00
778796.00 509.00 1023.00
780472.00 510.00 1023.00
782148.00 509.00 1023.00
783820.00 509.00 1023.00
785496.00 510.00 1023.00
787172.00 510.00 1023.00
788852.00 510.00 1023.00
790524.00 509.00 1023.00
792204.00 510.00 1023.00
793880.00 510.00 1023.00
795556.00 510.00 1023.00
797228.00 511.00 1023.00
798904.00 510.00 1023.00
800580.00 510.00 1023.00
802248.00 510.00 1023.00
803928.00 510.00 1023.00
805604.00 510.00 1023.00
807280.00 511.00 1023.00
808956.00 510.00 1023.00
810636.00 510.00 1023.00
812312.00 510.00 1023.00
813988.00 509.00 1023.00
815660.00 510.00 1023.00
817336.00 510.00 1023.00
819012.00 509.00 1023.00
820684.00 510.00 1023.00
822360.00 510.00 1023.00
824024.00 509.00 1023.00
825704.00 510.00 1022.00
827368.00 510.00 1023.00
829040.00 510.00 1023.00
830720.00 509.00 1023.00
832392.00 510.00 1023.00
834064.00 511.00 1023.00
835744.00 510.00 1023.00
837420.00 509.00 1023.00
839092.00 510.00 1023.00
840768.00 509.00 1023.00
842440.00 510.00 1023.00
844120.00 510.00 1023.00
845788.00 509.00 1023.00
847456.00 510.00 1023.00
849136.00 510.00 1023.00
850812.00 510.00 1023.00
852484.00 510.00 1023.00
854160.00 510.00 1023.00
855836.00 510.00 1023.00
857512.00 510.00 1023.00
859192.00 510.00 1023.00
860868.00 509.00 1023.00
862544.00 510.00 1023.00
864212.00 510.00 1023.00
865880.00 510.00 1023.00
867560.00 510.00 1023.00
869236.00 510.00 1023.00
870908.00 509.00 1023.00
872584.00 510.00 1023.00
874260.00 510.00 1023.00
875936.00 510.00 1023.00
877616.00 510.00 1023.00
879292.00 510.00 1023.00
880968.00 510.00 1023.00
882640.00 510.00 1023.00
884312.00 509.00 1023.00
885992.00 510.00 1023.00
887668.00 510.00 1023.00
889340.00 510.00 1023.00
891016.00 510.00 1023.00
892692.00 509.00 1022.00
894368.00 510.00 1023.00
896048.00 510.00 1023.00
897720.00 510.00 1023.00
899400.00 510.00 1023.00
901076.00 509.00 1023.00
902748.00 509.00 1023.00
904424.00 511.00 1023.00
906096.00 511.00 1023.00
907772.00 511.00 1023.00
909448.00 509.00 1023.00
911120.00 510.00 1023.00
912800.00 510.00 1023.00
914480.00 510.00 1023.00
916156.00 511.00 1023.00
917832.00 510.00 1023.00
919508.00 509.00 1023.00
921180.00 509.00 1023.00
922856.00 509.00 1023.00
924532.00 511.00 1023.00
926204.00 510.00 1023.00
927880.00 510.00 1023.00
929556.00 509.00 1023.00
931232.00 511.00 1023.00
932912.00 510.00 1023.00
934588.00 510.00 1023.00
936264.00 509.00 1023.00
937940.00 509.00 1023.00
939612.00 509.00 1023.00
941288.00 509.00 1023.00
942964.00 510.00 1023.00
944636.00 512.00 1023.00
946312.00 510.00 1023.00
947988.00 510.00 1023.00
949664.00 510.00 1023.00
951344.00 510.00 1023.00
953020.00 511.00 1023.00
954696.00 510.00 1022.00
956372.00 510.00 1023.00
958044.00 511.00 1023.00
959720.00 509.00 1023.00
961396.00 510.00 1023.00
963068.00 510.00 1023.00
964744.00 510.00 1023.00
966420.00 510.00 1023.00
968096.00 510.00 1023.00
969776.00 510.00 1023.00
971452.00 510.00 1023.00
973128.00 509.00 1023.00
974800.00 510.00 1023.00
976476.00 510.00 1023.00
978152.00 510.00 1023.00
979828.00 510.00 1023.00
981500.00 510.00 1023.00
983176.00 509.00 1023.00
984852.00 510.00 1023.00
986528.00 510.00 1023.00
988208.00 510.00 1023.00
989880.00 510.00 1023.00
991560.00 509.00 1023.00
993236.00 510.00 1023.00
994908.00 510.00 1023.00
996584.00 509.00 1023.00
998260.00 511.00 1023.00
999932.00 509.00 1023.00
1001608.00 510.00 1023.00
1003324.00 522.00 168.00
1004988.00 547.00 456.00
1006664.00 533.00 441.00
1008340.00 531.00 417.00
1010016.00 530.00 441.00
1011692.00 529.00 357.00
1013364.00 529.00 319.00
1015040.00 529.00 313.00
1016716.00 529.00 303.00
1018388.00 527.00 254.00
1020060.00 529.00 253.00
1021728.00 513.00 216.00
1023396.00 523.00 211.00
1025068.00 531.00 241.00
1026732.00 524.00 196.00
1028400.00 532.00 247.00
1030068.00 520.00 173.00
1031732.00 527.00 191.00
1033404.00 528.00 190.00
1035068.00 523.00 173.00
1036732.00 529.00 183.00
1038404.00 526.00 171.00
1040068.00 518.00 151.00
1041736.00 529.00 179.00
1043404.00 526.00 167.00
1045068.00 518.00 138.00
1046740.00 527.00 150.00
1048404.00 536.00 190.00
1050068.00 521.00 148.00
1051740.00 518.00 135.00
1053404.00 520.00 150.00
1055076.00 528.00 170.00
1056740.00 523.00 152.00
1058404.00 476.00 66.00
1060032.00 519.00 115.00
1061692.00 519.00 131.00
1063356.00 513.00 129.00
1065028.00 528.00 152.00
1066692.00 519.00 130.00
1068364.00 517.00 118.00
1070028.00 518.00 122.00
1071692.00 525.00 127.00
1073364.00 517.00 123.00
1075028.00 509.00 114.00
1076696.00 532.00 149.00
1078364.00 523.00 0.00
1079928.00 518.00 112.00
1081596.00 511.00 102.00
1083264.00 518.00 100.00
1084924.00 521.00 117.00
1086596.00 519.00 103.00
1088260.00 518.00 107.00
1089928.00 523.00 115.00
1091604.00 521.00 121.00
1093268.00 525.00 115.00
1094940.00 519.00 115.00
1096604.00 528.00 129.00
1098268.00 528.00 114.00
1099940.00 527.00 126.00
1101604.00 534.00 108.00
1103268.00 521.00 114.00
1104940.00 536.00 100.00
1106604.00 522.00 117.00
1108276.00 535.00 101.00
1109940.00 527.00 124.00
1111604.00 533.00 103.00
1113276.00 516.00 105.00
1114944.00 536.00 106.00
1116604.00 523.00 111.00
1118276.00 519.00 107.00
1119944.00 523.00 114.00
1121612.00 521.00 111.00
1123276.00 524.00 112.00
1124940.00 520.00 109.00
1126612.00 523.00 103.00
1128276.00 520.00 104.00
1129940.00 521.00 102.00
1131612.00 520.00 101.00
1133276.00 518.00 98.00
1134904.00 519.00 100.00
1136572.00 517.00 96.00
1138196.00 516.00 95.00
1139824.00 517.00 94.00
1141452.00 517.00 88.00
1143080.00 512.00 3.00
1144664.00 520.00 82.00
1146284.00 519.00 92.00
1147912.00 514.00 85.00
1149540.00 516.00 88.00
1151168.00 515.00 93.00
1152796.00 517.00 94.00
1154424.00 512.00 90.00
1156040.00 519.00 103.00
1157708.00 517.00 100.00
1159380.00 521.00 112.00
1161044.00 517.00 64.00
1162664.00 526.00 120.00
1164340.00 510.00 96.00
1165964.00 531.00 136.00
1167636.00 526.00 119.00
1169300.00 533.00 103.00
1170964.00 522.00 103.00
1172636.00 521.00 102.00
1174300.00 521.00 91.00
1175928.00 519.00 94.00
1177556.00 519.00 89.00
1179180.00 515.00 82.00
1180808.00 518.00 71.00
1182432.00 515.00 84.00
1184064.00 518.00 93.00
1185688.00 515.00 94.00
1187312.00 519.00 104.00
1188988.00 521.00 57.00
1190608.00 525.00 117.00
1192284.00 508.00 92.00
1193908.00 533.00 148.00
1195576.00 526.00 111.00
1197244.00 521.00 106.00
1198908.00 521.00 91.00
1200532.00 521.00 97.00
1202156.00 519.00 90.00
1203780.00 515.00 83.00
1205408.00 514.00 80.00
1207036.00 512.00 81.00
1208664.00 515.00 87.00
1210288.00 515.00 94.00
1211916.00 524.00 111.00
1213588.00 513.00 102.00
1215256.00 529.00 130.00
1216924.00 525.00 109.00
1218596.00 519.00 101.00
1220260.00 522.00 92.00
1221888.00 518.00 93.00
1223516.00 517.00 89.00
1225140.00 514.00 3.00
1226720.00 511.00 70.00
1228340.00 512.00 79.00
1229968.00 518.00 92.00
1231592.00 513.00 89.00
1233224.00 519.00 102.00
1234892.00 485.00 52.00
1236512.00 528.00 126.00
1238188.00 513.00 95.00
1239812.00 535.00 101.00
1241484.00 524.00 101.00
1243156.00 521.00 96.00
1244780.00 521.00 95.00
1246408.00 515.00 87.00
1248032.00 516.00 83.00
1249656.00 514.00 84.00
1251280.00 518.00 93.00
1252904.00 513.00 90.00
1254536.00 517.00 101.00
1256204.00 522.00 85.00
1257832.00 528.00 126.00
1259492.00 524.00 114.00
1261160.00 533.00 101.00
1262828.00 523.00 101.00
1264492.00 523.00 100.00
1266156.00 520.00 89.00
1267784.00 516.00 86.00
1269412.00 518.00 89.00
1271040.00 515.00 84.00
1272668.00 517.00 87.00
1274292.00 514.00 90.00
1275920.00 520.00 106.00
1277592.00 520.00 69.00
1279216.00 524.00 117.00
1280888.00 513.00 96.00
1282504.00 532.00 139.00
1284180.00 526.00 114.00
1285844.00 520.00 107.00
1287516.00 522.00 100.00
1289180.00 520.00 96.00
1290800.00 516.00 83.00
1292432.00 520.00 34.00
1294048.00 518.00 89.00
1295680.00 513.00 82.00
1297304.00 513.00 82.00
1298928.00 512.00 86.00
1300560.00 508.00 80.00
1302184.00 516.00 100.00
1303860.00 522.00 109.00
1305524.00 522.00 94.00
1307148.00 525.00 124.00
1308820.00 523.00 115.00
1310484.00 533.00 93.00
1312112.00 527.00 117.00
1313780.00 520.00 110.00
1315444.00 524.00 103.00
1317116.00 519.00 99.00
1318740.00 518.00 87.00
1320360.00 520.00 94.00
1321992.00 517.00 91.00
1323608.00 514.00 85.00
1325240.00 514.00 84.00
1326856.00 512.00 95.00
1328488.00 480.00 32.00
1330104.00 515.00 88.00
1331728.00 521.00 101.00
1333400.00 517.00 103.00
1335068.00 524.00 118.00
1336740.00 473.00 70.00
1338360.00 528.00 132.00
1340036.00 520.00 114.00
1341708.00 534.00 98.00
1343328.00 526.00 119.00
1344996.00 520.00 109.00
1346668.00 524.00 105.00
1348332.00 522.00 108.00
1350004.00 522.00 100.00
1351668.00 518.00 93.00
1353292.00 515.00 86.00
1354920.00 514.00 85.00
1356536.00 510.00 63.00
1358168.00 519.00 87.00
1359792.00 518.00 95.00
1361420.00 513.00 87.00
1363048.00 517.00 96.00
1364664.00 515.00 96.00
1366296.00 516.00 98.00
1367916.00 515.00 99.00
1369540.00 521.00 109.00
1371212.00 519.00 116.00
1372876.00 524.00 118.00
1374548.00 513.00 106.00
1376212.00 528.00 132.00
1377876.00 523.00 116.00
1379548.00 533.00 101.00
1381212.00 527.00 119.00
1382876.00 521.00 109.00
1384548.00 523.00 102.00
1386212.00 523.00 105.00
1387884.00 522.00 99.00
1389508.00 516.00 94.00
1391132.00 519.00 97.00
1392760.00 517.00 95.00
1394384.00 519.00 92.00
1396016.00 517.00 94.00
1397640.00 517.00 94.00
1399268.00 514.00 90.00
1400896.00 515.00 95.00
1402524.00 513.00 90.00
1404152.00 517.00 99.00
1405780.00 513.00 94.00
1407404.00 517.00 104.00
1409076.00 516.00 102.00
1410740.00 522.00 113.00
1412412.00 503.00 72.00
1414036.00 508.00 96.00
1415656.00 481.00 66.00
1417288.00 530.00 134.00
1418956.00 522.00 116.00
1420628.00 532.00 154.00
1422296.00 516.00 106.00
1423956.00 523.00 101.00
1425628.00 526.00 114.00
1427292.00 520.00 105.00
1428956.00 524.00 107.00
1430628.00 519.00 104.00
1432296.00 520.00 100.00
1433964.00 518.00 97.00
1435584.00 515.00 92.00
1437212.00 512.00 90.00
1438840.00 515.00 93.00
1440468.00 510.00 13.00
1442096.00 509.00 80.00
1443712.00 513.00 90.00
1445340.00 520.00 104.00
1447012.00 514.00 97.00
1448636.00 521.00 108.00
1450308.00 518.00 40.00
1451928.00 522.00 115.00
1453596.00 500.00 80.00
1455224.00 533.00 143.00
1456892.00 525.00 115.00
1458564.00 519.00 104.00
1460236.00 526.00 108.00
1461900.00 518.00 99.00
1463528.00 519.00 93.00
1465156.00 515.00 90.00
1466780.00 514.00 90.00
1468404.00 515.00 79.00
1470028.00 505.00 72.00
1471656.00 513.00 89.00
1473284.00 521.00 103.00
1474956.00 518.00 76.00
1476580.00 525.00 118.00
1478244.00 509.00 90.00
1479872.00 533.00 88.00
1481500.00 521.00 101.00
1483172.00 520.00 97.00
1484796.00 523.00 94.00
1486428.00 517.00 90.00
1488056.00 518.00 91.00
1489672.00 514.00 82.00
1491304.00 517.00 92.00
1492928.00 514.00 92.00
1494556.00 521.00 105.00
1496228.00 508.00 90.00
1497852.00 529.00 128.00
1499524.00 525.00 107.00
1501196.00 521.00 100.00
1502864.00 517.00 89.00
1504488.00 516.00 79.00
1506116.00 512.00 3.00
1507696.00 509.00 66.00
1509316.00 516.00 88.00
1510940.00 513.00 87.00
1512568.00 520.00 101.00
1514236.00 516.00 96.00
1515864.00 532.00 94.00
1517492.00 522.00 102.00
1519156.00 519.00 93.00
1520784.00 519.00 93.00
1522412.00 516.00 90.00
1524040.00 517.00 83.00
1525668.00 511.00 80.00
1527292.00 519.00 99.00
1528920.00 520.00 76.00
1530548.00 525.00 119.00
1532220.00 520.00 100.00
1533888.00 520.00 97.00
1535508.00 525.00 94.00
1537140.00 518.00 84.00
1538760.00 516.00 77.00
1540392.00 511.00 75.00
1542020.00 515.00 86.00
1543644.00 518.00 99.00
1545272.00 525.00 113.00
1546944.00 522.00 109.00
1548612.00 521.00 97.00
1550236.00 524.00 102.00
1551900.00 518.00 93.00
1553528.00 515.00 81.00
1555156.00 512.00 79.00
1556788.00 514.00 86.00
1558412.00 485.00 55.00
1560040.00 520.00 101.00
1561716.00 523.00 105.00
1563380.00 515.00 96.00
1565008.00 523.00 95.00
1566632.00 519.00 87.00
1568260.00 516.00 75.00
1569888.00 516.00 77.00
1571516.00 519.00 90.00
1573144.00 517.00 103.00
1574812.00 525.00 112.00
1576476.00 513.00 95.00
1578104.00 524.00 97.00
1579732.00 523.00 97.00
1581360.00 518.00 90.00
1582988.00 515.00 83.00
1584620.00 514.00 72.00
1586248.00 508.00 73.00
1587876.00 514.00 88.00
1589504.00 525.00 116.00
1591176.00 521.00 109.00
1592840.00 517.00 100.00
1594508.00 521.00 89.00
1596132.00 519.00 88.00
1597760.00 518.00 83.00
1599388.00 512.00 75.00
1601012.00 517.00 89.00
1602640.00 518.00 112.00
1604300.00 526.00 119.00
1605972.00 523.00 109.00
1607636.00 519.00 99.00
1609260.00 521.00 94.00
1610888.00 517.00 87.00
1612512.00 513.00 57.00
1614144.00 508.00 71.00
1615772.00 519.00 100.00
1617436.00 519.00 88.00
1619064.00 527.00 121.00
1620732.00 523.00 108.00
1622404.00 520.00 95.00
1624024.00 521.00 87.00
1625648.00 515.00 79.00
1627280.00 514.00 76.00
1628900.00 511.00 79.00
1630528.00 516.00 93.00
1632156.00 523.00 44.00
1633776.00 530.00 128.00
1635452.00 527.00 110.00
1637120.00 521.00 97.00
1638744.00 521.00 91.00
1640368.00 517.00 88.00
1641992.00 515.00 84.00
1643624.00 511.00 82.00
1645240.00 517.00 98.00
1646872.00 515.00 52.00
1648488.00 527.00 119.00
1650156.00 517.00 99.00
1651784.00 521.00 99.00
1653400.00 522.00 95.00
1655032.00 518.00 89.00
1656648.00 518.00 82.00
1658272.00 514.00 80.00
1659896.00 516.00 86.00
1661520.00 515.00 92.00
1663152.00 523.00 109.00
1664812.00 513.00 96.00
1666432.00 532.00 95.00
1668056.00 526.00 107.00
1669724.00 519.00 95.00
1671352.00 519.00 90.00
1672968.00 516.00 82.00
1674600.00 514.00 73.00
1676216.00 513.00 82.00
1677840.00 519.00 94.00
1679472.00 516.00 64.00
1681088.00 525.00 117.00
1682764.00 512.00 93.00
1684384.00 535.00 98.00
1686008.00 523.00 99.00
1687640.00 520.00 95.00
1689256.00 520.00 92.00
1690888.00 516.00 87.00
1692512.00 516.00 86.00
1694136.00 513.00 78.00
1695768.00 516.00 96.00
1697396.00 518.00 108.00
1699068.00 523.00 115.00
1700732.00 519.00 102.00
1702396.00 532.00 94.00
1704024.00 525.00 108.00
1705692.00 521.00 103.00
1707364.00 517.00 86.00
1708984.00 516.00 82.00
1710608.00 516.00 75.00
1712240.00 513.00 78.00
1713868.00 517.00 91.00
1715496.00 514.00 92.00
1717120.00 521.00 104.00
1718788.00 522.00 36.00
1720416.00 528.00 124.00
1722084.00 523.00 114.00
1723756.00 534.00 103.00
1725420.00 526.00 110.00
1727088.00 520.00 103.00
1728756.00 521.00 95.00
1730376.00 517.00 93.00
1732004.00 515.00 84.00
1733624.00 513.00 86.00
1735248.00 516.00 95.00
1736880.00 511.00 74.00
1738508.00 483.00 44.00
1740136.00 512.00 90.00
1741756.00 521.00 104.00
1743420.00 517.00 0.00
1744988.00 523.00 108.00
1746652.00 479.00 44.00
1748280.00 526.00 121.00
1749940.00 506.00 89.00
1751564.00 533.00 151.00
1753236.00 529.00 123.00
1754900.00 518.00 107.00
1756572.00 525.00 113.00
1758244.00 521.00 109.00
1759908.00 521.00 105.00
1761580.00 518.00 99.00
1763200.00 519.00 100.00
1764868.00 516.00 94.00
1766496.00 514.00 88.00
1768112.00 514.00 85.00
1769744.00 518.00 96.00
1771360.00 516.00 92.00
1772988.00 517.00 100.00
1774660.00 516.00 103.00
1776324.00 519.00 110.00
1777996.00 515.00 104.00
1779660.00 523.00 122.00
1781324.00 508.00 102.00
1782996.00 528.00 130.00
1784660.00 508.00 96.00
1786284.00 533.00 149.00
1787956.00 522.00 111.00
1789624.00 520.00 107.00
1791292.00 527.00 116.00
1792960.00 521.00 108.00
1794620.00 524.00 107.00
1796292.00 520.00 101.00
1797956.00 517.00 95.00
1799580.00 514.00 93.00
1801204.00 516.00 93.00
1802828.00 512.00 85.00
1804456.00 514.00 91.00
1806076.00 512.00 86.00
1807704.00 519.00 105.00
1809372.00 515.00 100.00
1811036.00 522.00 114.00
1812708.00 522.00 96.00
1814328.00 527.00 125.00
1815996.00 520.00 114.00
1817668.00 533.00 153.00
1819332.00 526.00 121.00
1821004.00 520.00 109.00
1822668.00 524.00 108.00
1824332.00 522.00 104.00
1826004.00 523.00 100.00
1827668.00 517.00 93.00
1829292.00 518.00 87.00
1830920.00 515.00 86.00
1832548.00 516.00 12.00
1834176.00 516.00 89.00
1835804.00 517.00 98.00
1837432.00 513.00 92.00
1839060.00 517.00 99.00
1840684.00 514.00 96.00
1842312.00 521.00 105.00
1843984.00 517.00 74.00
1845608.00 528.00 126.00
1847276.00 521.00 114.00
1848940.00 532.00 97.00
1850568.00 525.00 113.00
1852236.00 520.00 109.00
1853900.00 525.00 109.00
1855572.00 521.00 105.00
1857240.00 518.00 95.00
1858864.00 516.00 93.00
1860492.00 517.00 71.00
1862124.00 478.00 16.00
1863752.00 518.00 88.00
1865380.00 508.00 79.00
1867008.00 496.00 65.00
1868636.00 481.00 40.00
1870260.00 524.00 109.00
1871932.00 525.00 65.00
1873556.00 529.00 129.00
1875228.00 523.00 118.00
1876892.00 532.00 95.00
1878516.00 525.00 108.00
1880188.00 520.00 105.00
1881852.00 523.00 101.00
1883524.00 520.00 101.00
1885196.00 520.00 94.00
1886820.00 517.00 91.00
1888448.00 515.00 84.00
1890072.00 509.00 78.00
1891704.00 517.00 96.00
1893332.00 514.00 95.00
1894956.00 514.00 96.00
1896584.00 516.00 112.00
1898252.00 520.00 107.00
1899924.00 504.00 86.00
1901548.00 535.00 149.00
1903216.00 517.00 94.00
1904840.00 523.00 103.00
1906508.00 524.00 98.00
1908132.00 518.00 93.00
1909756.00 516.00 85.00
1911388.00 514.00 84.00
1913016.00 514.00 88.00
1914644.00 510.00 0.00
1916216.00 485.00 14.00
1917836.00 514.00 89.00
1919468.00 520.00 102.00
1921140.00 518.00 81.00
1922760.00 526.00 118.00
1924436.00 508.00 90.00
1926060.00 534.00 97.00
1927684.00 527.00 111.00
1929356.00 519.00 94.00
1930980.00 519.00 91.00
1932608.00 516.00 86.00
1934236.00 516.00 86.00
1935860.00 512.00 84.00
1937488.00 517.00 96.00
1939116.00 519.00 70.00
1940748.00 524.00 116.00
1942416.00 523.00 111.00
1944076.00 534.00 99.00
1945704.00 526.00 108.00
1947372.00 519.00 97.00
1949000.00 518.00 86.00
1950628.00 516.00 87.00
1952252.00 506.00 64.00
1953880.00 512.00 84.00
1955508.00 521.00 98.00
1957136.00 519.00 56.00
1958764.00 529.00 122.00
1960428.00 514.00 91.00
1962056.00 520.00 96.00
1963684.00 524.00 98.00
1965312.00 517.00 89.00
1966940.00 515.00 83.00
1968560.00 515.00 88.00
1970192.00 514.00 82.00
1971812.00 514.00 90.00
1973440.00 525.00 117.00
1975108.00 520.00 109.00
1976772.00 532.00 94.00
1978400.00 524.00 100.00
1980068.00 522.00 91.00
1981696.00 519.00 81.00
1983324.00 513.00 72.00
1984948.00 515.00 79.00
1986576.00 515.00 88.00
1988200.00 521.00 100.00
1989876.00 502.00 78.00
1991500.00 533.00 90.00
1993124.00 527.00 209.00
1994796.00 518.00 96.00
1996420.00 519.00 91.00
1998048.00 513.00 77.00
1999676.00 510.00 76.00
2001300.00 512.00 87.00
2002920.00 518.00 102.00
2004588.00 496.00 69.00
2006216.00 531.00 135.00
2007888.00 521.00 99.00
2009508.00 521.00 98.00
2011132.00 521.00 93.00
2012764.00 516.00 85.00
2014392.00 518.00 87.00
2016020.00 513.00 82.00
2017648.00 518.00 97.00
2019264.00 516.00 65.00
2020892.00 524.00 117.00
2022564.00 523.00 110.00
2024228.00 519.00 100.00
2025892.00 523.00 100.00
2027564.00 518.00 89.00
2029184.00 515.00 87.00
2030816.00 513.00 83.00
2032444.00 515.00 89.00
2034068.00 515.00 92.00
2035692.00 521.00 110.00
2037356.00 516.00 98.00
2038984.00 532.00 88.00
2040612.00 518.00 96.00
2042236.00 522.00 95.00
2043860.00 517.00 88.00
2045484.00 516.00 87.00
2047112.00 515.00 84.00
2048740.00 512.00 80.00
2050368.00 517.00 91.00
2051984.00 514.00 93.00
2053608.00 524.00 114.00
2055284.00 522.00 110.00
2056948.00 533.00 97.00
2058576.00 522.00 95.00
2060192.00 521.00 97.00
2061816.00 518.00 88.00
2063448.00 514.00 81.00
2065064.00 515.00 83.00
2066696.00 513.00 82.00
2068312.00 512.00 93.00
2069940.00 519.00 44.00
2071568.00 530.00 128.00
2073228.00 515.00 92.00
2074856.00 522.00 98.00
2076480.00 521.00 87.00
2078104.00 519.00 87.00
2079728.00 516.00 85.00
2081356.00 512.00 80.00
2082984.00 516.00 90.00
2084600.00 513.00 95.00
2086232.00 524.00 111.00
2087892.00 520.00 106.00
2089556.00 535.00 100.00
2091228.00 524.00 98.00
2092848.00 519.00 90.00
2094472.00 517.00 84.00
2096096.00 512.00 78.00
2097720.00 516.00 84.00
2099352.00 511.00 84.00
2100968.00 522.00 104.00
2102640.00 501.00 75.00
2104264.00 534.00 92.00
2105892.00 524.00 102.00
2107564.00 519.00 91.00
2109188.00 518.00 86.00
2110816.00 514.00 80.00
2112440.00 515.00 85.00
2114064.00 516.00 95.00
2115696.00 526.00 114.00
2117356.00 524.00 107.00
2119028.00 519.00 97.00
2120652.00 520.00 87.00
2122272.00 516.00 78.00
2123904.00 515.00 77.00
2125524.00 509.00 74.00
2127152.00 520.00 96.00
2128772.00 505.00 76.00
2130396.00 532.00 88.00
2132024.00 524.00 93.00
2133640.00 517.00 83.00
2135272.00 516.00 80.00
2136888.00 512.00 78.00
2138512.00 517.00 92.00
2140140.00 521.00 64.00
2141764.00 531.00 135.00
2143436.00 524.00 93.00
2145060.00 518.00 83.00
2146680.00 514.00 73.00
2148308.00 511.00 74.00
2149932.00 520.00 96.00
2151560.00 520.00 100.00
2153228.00 519.00 93.00
2154856.00 521.00 88.00
2156472.00 515.00 75.00
2158100.00 514.00 74.00
2159728.00 514.00 90.00
2161356.00 526.00 112.00
2163028.00 519.00 91.00
2164652.00 520.00 89.00
2166272.00 516.00 74.00
2167904.00 511.00 72.00
2169532.00 517.00 90.00
2171160.00 520.00 83.00
2172784.00 530.00 127.00
2174456.00 523.00 97.00
2176080.00 519.00 86.00
2177704.00 515.00 76.00
2179336.00 508.00 72.00
2180952.00 495.00 58.00
2182576.00 505.00 0.00
2184144.00 527.00 114.00
2185804.00 509.00 87.00
2187432.00 520.00 99.00
2189052.00 524.00 97.00
2190680.00 518.00 91.00
2192300.00 515.00 81.00
2193920.00 511.00 79.00
2195552.00 515.00 88.00
2197172.00 512.00 86.00
2198800.00 522.00 106.00
2200468.00 521.00 104.00
2202132.00 516.00 98.00
2203760.00 522.00 91.00
2205380.00 515.00 78.00
2207008.00 505.00 2.00
2208592.00 496.00 52.00
2210208.00 519.00 92.00
2211836.00 521.00 58.00
2213468.00 530.00 127.00
2215140.00 525.00 99.00
2216764.00 519.00 85.00
2218388.00 518.00 79.00
2220012.00 512.00 76.00
2221636.00 517.00 92.00
2223264.00 509.00 89.00
2224892.00 531.00 136.00
2226564.00 524.00 93.00
2228188.00 517.00 81.00
2229812.00 514.00 76.00
2231440.00 509.00 68.00
2233068.00 504.00 78.00
2234696.00 500.00 68.00
2236324.00 531.00 89.00
2237948.00 523.00 88.00
2239576.00 516.00 79.00
2241204.00 485.00 8.00
2242788.00 510.00 74.00
2244412.00 521.00 99.00
2246032.00 515.00 90.00
2247660.00 519.00 89.00
2249284.00 521.00 88.00
2250912.00 516.00 75.00
2252532.00 512.00 74.00
2254160.00 517.00 72.00
2255784.00 527.00 124.00
2257452.00 522.00 92.00
2259080.00 518.00 83.00
2260700.00 516.00 73.00
2262328.00 509.00 70.00
2263956.00 523.00 102.00
2265624.00 515.00 86.00
2267248.00 521.00 87.00
2268864.00 521.00 80.00
2270496.00 513.00 71.00
2272116.00 517.00 85.00
2273740.00 519.00 70.00
2275368.00 530.00 130.00
2277036.00 522.00 78.00
2278664.00 515.00 73.00
2280292.00 511.00 68.00
2281916.00 491.00 53.00
2283544.00 528.00 112.00
2285212.00 523.00 91.00
2286840.00 515.00 71.00
2288468.00 510.00 60.00
2290092.00 511.00 72.00
2291720.00 525.00 103.00
2293388.00 521.00 89.00
2295016.00 517.00 78.00
2296644.00 515.00 69.00
2298264.00 514.00 79.00
2299892.00 526.00 108.00
2301556.00 522.00 90.00
2303184.00 517.00 79.00
2304812.00 513.00 69.00
2306432.00 513.00 86.00
2308056.00 527.00 108.00
2309724.00 525.00 87.00
2311352.00 515.00 71.00
2312972.00 510.00 65.00
2314600.00 515.00 64.00
2316216.00 530.00 82.00
2317844.00 519.00 73.00
2319472.00 510.00 55.00
2321100.00 503.00 64.00
2322728.00 509.00 56.00
2324352.00 522.00 77.00
2325980.00 520.00 71.00
2327608.00 511.00 64.00
2329236.00 521.00 92.00
2330864.00 524.00 93.00
2332492.00 517.00 71.00
2334116.00 495.00 46.00
2335740.00 512.00 84.00
2337372.00 528.00 119.00
2339044.00 518.00 71.00
2340668.00 508.00 54.00
2342292.00 517.00 77.00
2343916.00 515.00 80.00
2345540.00 523.00 85.00
2347168.00 512.00 54.00
2348796.00 512.00 64.00
2350424.00 525.00 96.00
2352052.00 520.00 86.00
2353676.00 517.00 72.00
2355304.00 510.00 62.00
2356928.00 519.00 52.00
2358560.00 532.00 83.00
2360176.00 515.00 63.00
2361804.00 508.00 51.00
2363432.00 519.00 85.00
2365052.00 520.00 85.00
2366680.00 517.00 67.00
2368308.00 511.00 58.00
2369932.00 501.00 56.00
2371552.00 523.00 79.00
2373180.00 518.00 69.00
2374808.00 508.00 57.00
2376436.00 522.00 94.00
2378064.00 520.00 86.00
2379684.00 515.00 65.00
2381308.00 512.00 71.00
2382936.00 515.00 86.00
2384564.00 520.00 82.00
2386192.00 494.00 28.00
2387820.00 512.00 67.00
2389444.00 527.00 106.00
2391116.00 522.00 82.00
2392740.00 511.00 62.00
2394368.00 506.00 67.00
2395996.00 519.00 85.00
2397620.00 518.00 75.00
2399248.00 513.00 60.00
2400876.00 501.00 28.00
2402504.00 529.00 77.00
2404124.00 520.00 70.00
2405752.00 510.00 61.00
2407380.00 520.00 90.00
2409000.00 522.00 90.00
2410632.00 516.00 69.00
2412252.00 500.00 50.00
2413880.00 518.00 76.00
2415508.00 520.00 83.00
2417132.00 513.00 55.00
2418760.00 484.00 24.00
2420380.00 520.00 90.00
2422008.00 515.00 71.00
2423636.00 515.00 64.00
2425260.00 511.00 58.00
2426888.00 520.00 32.00
2428512.00 532.00 83.00
2430144.00 516.00 69.00
2431772.00 510.00 61.00
2433404.00 519.00 84.00
2435028.00 525.00 97.00
2436652.00 518.00 79.00
2438280.00 512.00 65.00
2439908.00 509.00 76.00
2441536.00 529.00 122.00
2443208.00 522.00 78.00
2444828.00 511.00 59.00
2446456.00 514.00 73.00
2448076.00 516.00 82.00
2449704.00 519.00 79.00
2451324.00 519.00 74.00
2452948.00 511.00 68.00
2454576.00 521.00 98.00
2456204.00 524.00 95.00
2457832.00 514.00 70.00
2459456.00 512.00 70.00
2461084.00 515.00 66.00
2462704.00 530.00 78.00
2464332.00 519.00 72.00
2465960.00 513.00 61.00
2467576.00 517.00 80.00
2469208.00 517.00 85.00
2470832.00 520.00 83.00
2472456.00 509.00 36.00
2474088.00 511.00 67.00
2475708.00 524.00 101.00
2477380.00 521.00 83.00
2479004.00 515.00 68.00
2480628.00 512.00 73.00
2482256.00 513.00 82.00
2483880.00 519.00 79.00
2485512.00 517.00 67.00
2487132.00 509.00 60.00
2488756.00 511.00 76.00
2490384.00 523.00 91.00
2492012.00 517.00 71.00
2493640.00 512.00 62.00
2495268.00 513.00 85.00
2496892.00 526.00 116.00
2498556.00 523.00 79.00
2500188.00 511.00 58.00
2501816.00 513.00 73.00
2503436.00 510.00 77.00
2505064.00 519.00 77.00
2506692.00 515.00 66.00
2508316.00 511.00 70.00
2509944.00 524.00 102.00
2511612.00 522.00 85.00
2513240.00 516.00 71.00
2514868.00 511.00 69.00
2516492.00 511.00 83.00
2518120.00 523.00 83.00
2519748.00 516.00 64.00
2521376.00 489.00 27.00
2523004.00 519.00 86.00
2524628.00 519.00 85.00
2526256.00 519.00 76.00
2527884.00 515.00 58.00
2529512.00 513.00 70.00
2531140.00 526.00 108.00
2532808.00 521.00 79.00
2534432.00 514.00 67.00
2536060.00 512.00 69.00
2537688.00 512.00 81.00
2539316.00 522.00 83.00
2540940.00 518.00 73.00
2542564.00 510.00 60.00
2544188.00 516.00 82.00
2545816.00 523.00 94.00
2547444.00 518.00 75.00
2549072.00 513.00 62.00
2550700.00 512.00 73.00
2552324.00 525.00 104.00
2553996.00 524.00 87.00
2555620.00 512.00 65.00
2557248.00 513.00 72.00
2558876.00 511.00 82.00
2560500.00 518.00 83.00
2562128.00 511.00 59.00
2563744.00 508.00 60.00
2565376.00 518.00 88.00
2566992.00 520.00 85.00
2568616.00 519.00 77.00
2570248.00 515.00 67.00
2571864.00 511.00 64.00
2573496.00 525.00 100.00
2575156.00 491.00 34.00
2576780.00 522.00 77.00
2578400.00 517.00 66.00
2580024.00 512.00 79.00
2581656.00 526.00 108.00
2583316.00 521.00 91.00
2584944.00 519.00 79.00
2586564.00 511.00 69.00
2588184.00 511.00 78.00
2589816.00 522.00 101.00
2591476.00 516.00 87.00
2593104.00 519.00 79.00
2594732.00 516.00 69.00
2596356.00 509.00 70.00
2597984.00 520.00 93.00
2599612.00 517.00 88.00
2601240.00 519.00 85.00
2602864.00 517.00 75.00
2604492.00 509.00 65.00
2606120.00 518.00 89.00
2607736.00 522.00 94.00
2609368.00 519.00 84.00
2610996.00 516.00 71.00
2612620.00 509.00 66.00
2614240.00 520.00 92.00
2615868.00 519.00 88.00
2617496.00 519.00 79.00
2619124.00 513.00 69.00
2620752.00 509.00 72.00
2622380.00 522.00 101.00
2624044.00 522.00 93.00
2625668.00 520.00 84.00
2627288.00 514.00 72.00
2628920.00 510.00 72.00
2630536.00 523.00 106.00
2632204.00 503.00 4.00
2633788.00 522.00 81.00
2635408.00 514.00 64.00
2637040.00 508.00 64.00
2638664.00 522.00 93.00
2640288.00 515.00 85.00
2641912.00 520.00 87.00
2643536.00 512.00 64.00
2645168.00 509.00 68.00
2646784.00 518.00 92.00
2648416.00 516.00 88.00
2650032.00 521.00 86.00
2651656.00 517.00 73.00
2653288.00 507.00 60.00
2654912.00 518.00 88.00
2656544.00 485.00 46.00
2658160.00 522.00 86.00
2659784.00 525.00 85.00
2661416.00 511.00 53.00
2663044.00 517.00 83.00
2664672.00 522.00 82.00
2666288.00 530.00 84.00
2667912.00 522.00 71.00
2669536.00 512.00 65.00
2671160.00 512.00 70.00
2672792.00 500.00 55.00
2674416.00 528.00 72.00
2676048.00 524.00 85.00
2677664.00 514.00 63.00
2679288.00 513.00 68.00
2680920.00 517.00 35.00
2682536.00 532.00 81.00
2684168.00 522.00 81.00
2685784.00 512.00 60.00
2687408.00 512.00 72.00
2689040.00 512.00 80.00
2690664.00 519.00 82.00
2692296.00 518.00 73.00
2693912.00 509.00 62.00
2695544.00 520.00 89.00
2697160.00 523.00 88.00
2698784.00 517.00 71.00
2700416.00 512.00 64.00
2702044.00 515.00 69.00
2703672.00 530.00 79.00
2705300.00 517.00 63.00
2706920.00 507.00 49.00
2708552.00 522.00 90.00
2710168.00 516.00 70.00
2711800.00 515.00 1.00
2713384.00 491.00 32.00
2715004.00 515.00 52.00
2716624.00 520.00 78.00
2718252.00 516.00 62.00
2719880.00 509.00 64.00
2721508.00 523.00 98.00
2723136.00 521.00 73.00
2724756.00 511.00 53.00
2726376.00 513.00 69.00
2728008.00 521.00 79.00
2729632.00 518.00 67.00
2731264.00 515.00 63.00
2732880.00 509.00 72.00
2734504.00 520.00 75.00
2736136.00 510.00 1.00
2737712.00 498.00 40.00
2739336.00 528.00 104.00
2740996.00 520.00 71.00
2742624.00 511.00 58.00
2744240.00 517.00 80.00
2745868.00 524.00 87.00
2747496.00 516.00 63.00
2749116.00 509.00 58.00
2750744.00 509.00 73.00
2752372.00 519.00 74.00
2753992.00 515.00 60.00
2755624.00 510.00 0.00
2757192.00 528.00 116.00
2758860.00 518.00 61.00
2760484.00 508.00 53.00
2762104.00 522.00 92.00
2763732.00 517.00 74.00
2765356.00 513.00 10.00
2766984.00 514.00 72.00
2768604.00 513.00 79.00
2770232.00 520.00 77.00
2771852.00 512.00 64.00
2773484.00 514.00 58.00
2775112.00 531.00 77.00
2776740.00 517.00 66.00
2778368.00 507.00 58.00
2779992.00 523.00 97.00
2781620.00 521.00 75.00
2783248.00 490.00 24.00
2784876.00 519.00 80.00
2786504.00 514.00 77.00
2788132.00 517.00 67.00
2789756.00 512.00 62.00
2791380.00 517.00 68.00
2793004.00 519.00 78.00
2794632.00 515.00 61.00
2796260.00 485.00 0.00
2797828.00 514.00 80.00
2799452.00 523.00 86.00
2801076.00 512.00 59.00
2802704.00 510.00 59.00
2804324.00 501.00 64.00
2805952.00 520.00 76.00
2807572.00 519.00 71.00
2809200.00 509.00 64.00
2810828.00 521.00 96.00
2812452.00 525.00 93.00
2814080.00 515.00 68.00
2815708.00 512.00 72.00
2817340.00 515.00 89.00
2818960.00 518.00 85.00
2820584.00 516.00 65.00
2822216.00 510.00 64.00
2823836.00 524.00 98.00
2825464.00 526.00 95.00
2827092.00 513.00 67.00
2828716.00 506.00 54.00
2830344.00 517.00 53.00
2831972.00 532.00 82.00
2833600.00 518.00 73.00
2835228.00 510.00 60.00
2836856.00 518.00 85.00
2838472.00 517.00 85.00
2840100.00 517.00 73.00
2841728.00 513.00 69.00
2843352.00 514.00 79.00
2844984.00 528.00 119.00
2846652.00 521.00 79.00
2848276.00 513.00 64.00
2849904.00 512.00 76.00
2851524.00 504.00 67.00
2853152.00 521.00 82.00
2854780.00 517.00 70.00
2856404.00 507.00 58.00
2858032.00 520.00 89.00
2859652.00 512.00 73.00
2861280.00 520.00 78.00
2862908.00 517.00 70.00
2864532.00 511.00 72.00
2866156.00 523.00 104.00
2867824.00 524.00 93.00
2869448.00 517.00 78.00
2871064.00 510.00 65.00
2872696.00 514.00 58.00
2874312.00 527.00 126.00
2875980.00 520.00 75.00
2877608.00 513.00 18.00
2879232.00 514.00 72.00
2880864.00 494.00 53.00
2882488.00 519.00 86.00
2884112.00 518.00 69.00
2885744.00 516.00 73.00
2887364.00 519.00 86.00
2888992.00 517.00 89.00
2890608.00 518.00 87.00
2892232.00 519.00 76.00
2893864.00 512.00 70.00
2895492.00 517.00 92.00
2897120.00 521.00 97.00
2898744.00 519.00 87.00
2900368.00 515.00 68.00
2901996.00 510.00 70.00
2903620.00 523.00 100.00
2905292.00 521.00 86.00
2906916.00 517.00 75.00
2908540.00 511.00 60.00
2910164.00 516.00 96.00
2911788.00 529.00 126.00
2913460.00 520.00 77.00
2915084.00 513.00 66.00
2916712.00 515.00 81.00
2918340.00 506.00 73.00
2919964.00 520.00 85.00
2921592.00 516.00 69.00
2923220.00 511.00 70.00
2924848.00 522.00 98.00
2926472.00 524.00 92.00
2928108.00 517.00 72.00
2929736.00 512.00 62.00
2931364.00 497.00 58.00
2932992.00 525.00 114.00
2934652.00 521.00 74.00
2936276.00 511.00 57.00
2937904.00 513.00 69.00
2939532.00 503.00 68.00
2941160.00 520.00 84.00
2942788.00 520.00 78.00
2944412.00 512.00 68.00
2946032.00 517.00 85.00
2947660.00 517.00 92.00
2949288.00 519.00 88.00
2950912.00 518.00 78.00
2952544.00 512.00 72.00
2954172.00 515.00 88.00
2955796.00 513.00 89.00
2957424.00 532.00 89.00
2959052.00 522.00 90.00
2960680.00 515.00 81.00
2962304.00 514.00 75.00
2963932.00 515.00 86.00
2965560.00 523.00 106.00
2967228.00 512.00 92.00
2968856.00 519.00 96.00
2970484.00 521.00 91.00
2972104.00 514.00 77.00
2973736.00 516.00 81.00
2975364.00 515.00 95.00
2976992.00 526.00 116.00
2978660.00 526.00 105.00
2980324.00 518.00 86.00
2981952.00 505.00 0.00
2983512.00 512.00 69.00
2985136.00 520.00 92.00
2986764.00 515.00 92.00
2988392.00 531.00 90.00
2990020.00 523.00 87.00
2991644.00 517.00 79.00
2993272.00 516.00 80.00
2994900.00 513.00 80.00
2996528.00 523.00 100.00
2998196.00 512.00 90.00
2999820.00 519.00 93.00
3001448.00 523.00 94.00
3003080.00 479.00 405.00
3004756.00 475.00 402.00
3006432.00 480.00 467.00
3008104.00 485.00 540.00
3009780.00 490.00 556.00
3011456.00 496.00 614.00
3013128.00 501.00 514.00
3014804.00 505.00 495.00
3016480.00 508.00 486.00
3018156.00 509.00 469.00
3019836.00 509.00 485.00
3021512.00 509.00 489.00
3023188.00 509.00 504.00
3024864.00 510.00 526.00
3026536.00 509.00 560.00
3028212.00 510.00 591.00
3029888.00 509.00 618.00
3031560.00 509.00 652.00
3033236.00 510.00 672.00
3034912.00 510.00 597.00
3036588.00 509.00 543.00
3038268.00 510.00 547.00
3039944.00 510.00 553.00
3041624.00 509.00 617.00
3043292.00 510.00 694.00
3044968.00 509.00 644.00
3046644.00 510.00 594.00
3048320.00 510.00 573.00
3049992.00 510.00 612.00
3051668.00 510.00 717.00
3053344.00 509.00 662.00
3055020.00 509.00 602.00
3056700.00 509.00 597.00
3058376.00 510.00 668.00
3060052.00 509.00 701.00
3061728.00 509.00 613.00
3063400.00 509.00 616.00
3065076.00 510.00 688.00
3066752.00 509.00 689.00
3068424.00 510.00 625.00
3070104.00 510.00 635.00
3071776.00 509.00 714.00
3073456.00 509.00 672.00
3075140.00 509.00 629.00
3076816.00 509.00 696.00
3078492.00 510.00 711.00
3080164.00 509.00 634.00
3081836.00 509.00 673.00
3083516.00 510.00 732.00
3085192.00 510.00 637.00
3086864.00 510.00 654.00
3088540.00 510.00 744.00
3090216.00 510.00 653.00
3091888.00 510.00 649.00
3093564.00 509.00 754.00
3095240.00 510.00 670.00
3096916.00 509.00 646.00
3098592.00 509.00 766.00
3100264.00 509.00 687.00
3101940.00 510.00 647.00
3103616.00 510.00 714.00
3105288.00 510.00 699.00
3106964.00 509.00 645.00
3108640.00 509.00 697.00
3110316.00 510.00 712.00
3112000.00 509.00 643.00
3113672.00 510.00 675.00
3115348.00 509.00 742.00
3117024.00 510.00 649.00
3118696.00 510.00 655.00
3120372.00 509.00 734.00
3122048.00 510.00 659.00
3123720.00 509.00 644.00
3125396.00 510.00 727.00
3127072.00 510.00 678.00
3128748.00 509.00 641.00
3130428.00 509.00 714.00
3132104.00 510.00 694.00
3133780.00 509.00 635.00
3135456.00 510.00 695.00
3137128.00 509.00 709.00
3138804.00 510.00 624.00
3140480.00 509.00 660.00
3142148.00 509.00 732.00
3143828.00 510.00 635.00
3145504.00 510.00 632.00
3147184.00 510.00 752.00
3148864.00 509.00 681.00
3150532.00 510.00 626.00
3152212.00 509.00 666.00
3153888.00 510.00 732.00
3155560.00 509.00 642.00
3157236.00 510.00 634.00
3158912.00 509.00 711.00
3160584.00 509.00 682.00
3162260.00 510.00 627.00
3163936.00 510.00 683.00
3165612.00 510.00 714.00
3167292.00 510.00 624.00
3168968.00 509.00 638.00
3170644.00 510.00 741.00
3172320.00 510.00 661.00
3173992.00 510.00 618.00
3175672.00 510.00 674.00
3177344.00 509.00 730.00
3179016.00 509.00 621.00
3180692.00 510.00 621.00
3182368.00 510.00 694.00
3184044.00 510.00 689.00
3185724.00 510.00 617.00
3187400.00 509.00 647.00
3189076.00 510.00 728.00
3190752.00 510.00 642.00
3192424.00 510.00 623.00
3194100.00 509.00 687.00
3195776.00 510.00 697.00
3197448.00 510.00 627.00
3199124.00 510.00 634.00
3200800.00 510.00 711.00
3202476.00 509.00 670.00
3204156.00 509.00 625.00
3205832.00 510.00 687.00
3207508.00 510.00 713.00
3209184.00 510.00 627.00
3210856.00 509.00 647.00
3212532.00 509.00 738.00
3214208.00 509.00 649.00
3215876.00 509.00 637.00
3217556.00 509.00 763.00
3219232.00 509.00 690.00
3220908.00 509.00 645.00
3222588.00 509.00 707.00
3224264.00 510.00 709.00
3225940.00 509.00 655.00
3227612.00 510.00 718.00
3229288.00 510.00 713.00
3230964.00 509.00 667.00
3232636.00 510.00 784.00
3234312.00 510.00 699.00
3235988.00 509.00 684.00
3237660.00 510.00 769.00
3239340.00 510.00 683.00
3241020.00 509.00 732.00
3242692.00 510.00 743.00
3244372.00 509.00 692.00
3246048.00 510.00 772.00
3247720.00 510.00 695.00
3249396.00 509.00 754.00
3251072.00 510.00 727.00
3252744.00 510.00 718.00
3254420.00 510.00 773.00
3256096.00 509.00 707.00
3257772.00 511.00 785.00
3259452.00 509.00 720.00
3261128.00 510.00 821.00
3262804.00 509.00 726.00
3264480.00 510.00 762.00
3266148.00 509.00 759.00
3267828.00 510.00 756.00
3269504.00 510.00 769.00
3271176.00 510.00 761.00
3272852.00 510.00 785.00
3274528.00 510.00 761.00
3276204.00 509.00 781.00
3277884.00 510.00 777.00
3279556.00 509.00 785.00
3281236.00 509.00 796.00
3282908.00 509.00 771.00
3284580.00 510.00 813.00
3286260.00 510.00 776.00
3287932.00 509.00 846.00
3289604.00 510.00 780.00
3291284.00 511.00 848.00
3292956.00 510.00 793.00
3294636.00 509.00 819.00
3296316.00 509.00 826.00
3297988.00 510.00 797.00
3299668.00 509.00 852.00
3301340.00 509.00 806.00
3303012.00 510.00 837.00
3304692.00 510.00 841.00
3306364.00 509.00 811.00
3308036.00 510.00 869.00
3309716.00 510.00 828.00
3311388.00 510.00 834.00
3313068.00 510.00 882.00
3314748.00 509.00 833.00
3316424.00 509.00 847.00
3318100.00 510.00 876.00
3319772.00 510.00 844.00
3321444.00 510.00 860.00
3323124.00 509.00 898.00
3324796.00 509.00 855.00
3326472.00 510.00 859.00
3328148.00 510.00 900.00
3329820.00 509.00 879.00
3331500.00 511.00 868.00
3333180.00 510.00 895.00
3334852.00 510.00 919.00
3336532.00 509.00 882.00
3338204.00 510.00 882.00
3339880.00 510.00 908.00
3341556.00 509.00 912.00
3343228.00 510.00 897.00
3344900.00 510.00 899.00
3346580.00 509.00 919.00
3348252.00 510.00 935.00
3349932.00 509.00 919.00
3351612.00 509.00 913.00
3353288.00 510.00 918.00
3354964.00 510.00 934.00
3356640.00 510.00 942.00
3358312.00 510.00 937.00
3359988.00 510.00 933.00
3361664.00 509.00 935.00
3363332.00 510.00 944.00
3365012.00 510.00 953.00
3366688.00 510.00 960.00
3368364.00 509.00 957.00
3370044.00 509.00 957.00
3371720.00 511.00 958.00
3373396.00 510.00 960.00
3375072.00 510.00 963.00
3376744.00 509.00 967.00
3378420.00 510.00 969.00
3380096.00 509.00 973.00
3381764.00 510.00 975.00
3383444.00 509.00 977.00
3385116.00 510.00 980.00
3386796.00 509.00 983.00
3388476.00 509.00 985.00
3390152.00 510.00 987.00
3391828.00 510.00 991.00
3393504.00 510.00 993.00
3395176.00 509.00 994.00
3396852.00 510.00 993.00
3398524.00 510.00 992.00
3400196.00 509.00 991.00
3401876.00 509.00 993.00
3403548.00 509.00 997.00
3405228.00 510.00 1002.00
3406952.00 510.00 1004.00
3408664.00 510.00 1012.00
3410392.00 510.00 1019.00
3412112.00 510.00 1023.00
3413824.00 509.00 1023.00
3415544.00 509.00 1023.00
3417272.00 511.00 1023.00
3418988.00 509.00 1023.00
3420704.00 510.00 1023.00
3422432.00 510.00 1023.00
3424144.00 510.00 1023.00
3425864.00 510.00 1023.00
3427592.00 509.00 1023.00
3429308.00 509.00 1023.00
3431024.00 509.00 1022.00
3432752.00 510.00 1018.00
3434468.00 510.00 1015.00
3436184.00 509.00 1013.00
3437912.00 510.00 1010.00
3439632.00 509.00 1010.00
3441356.00 510.00 1012.00
3443080.00 509.00 1014.00
3444800.00 510.00 1016.00
3446512.00 510.00 1020.00
3448240.00 510.00 1023.00
3449960.00 510.00 1023.00
3451672.00 510.00 1023.00
3453400.00 509.00 1023.00
3455120.00 510.00 1023.00
3456836.00 509.00 1023.00
3458552.00 510.00 1023.00
3460280.00 509.00 1023.00
3461992.00 510.00 1023.00
3463712.00 509.00 1023.00
3465440.00 511.00 1023.00
3467152.00 510.00 1023.00
3468876.00 510.00 1023.00
3470600.00 510.00 1022.00
3472312.00 510.00 1022.00
3474032.00 510.00 1022.00
3475760.00 509.00 1023.00
3477472.00 509.00 1023.00
3479192.00 510.00 1023.00
3480920.00 510.00 1023.00
3482648.00 510.00 1023.00
3484368.00 510.00 1023.00
3486096.00 510.00 1023.00
3487816.00 510.00 1023.00
3489532.00 509.00 1023.00
3491256.00 510.00 1023.00
3492976.00 510.00 1023.00
3494688.00 509.00 1023.00
3496408.00 509.00 1023.00
3498136.00 510.00 1023.00
3499852.00 510.00 1023.00
3501568.00 509.00 1023.00
3503296.00 510.00 1023.00
3505020.00 510.00 1023.00
3506736.00 509.00 1023.00
3508464.00 509.00 1023.00
3510184.00 509.00 1023.00
3511908.00 509.00 1023.00
3513632.00 510.00 1023.00
3515352.00 510.00 1023.00
3517076.00 509.00 1023.00
3518800.00 510.00 1023.00
3520528.00 510.00 1023.00
3522248.00 509.00 1023.00
3523976.00 510.00 1023.00
3525696.00 510.00 1023.00
3527408.00 510.00 1023.00
3529136.00 510.00 1023.00
3530856.00 510.00 1023.00
3532572.00 510.00 1023.00
3534296.00 509.00 1023.00
3536024.00 509.00 1023.00
3537736.00 510.00 1023.00
3539456.00 509.00 1023.00
3541184.00 510.00 1023.00
3542900.00 509.00 1023.00
3544620.00 511.00 1023.00
3546344.00 509.00 1023.00
3548056.00 510.00 1023.00
3549776.00 509.00 1023.00
3551504.00 509.00 1023.00
3553220.00 510.00 1023.00
3554940.00 510.00 1023.00
3556664.00 509.00 1023.00
3558388.00 510.00 1023.00
3560108.00 510.00 1023.00
3561832.00 509.00 1023.00
3563552.00 509.00 1023.00
3565264.00 510.00 1023.00
3566992.00 510.00 1023.00
3568712.00 509.00 1023.00
3570432.00 509.00 1023.00
3572160.00 510.00 1023.00
3573888.00 510.00 1023.00
3575604.00 510.00 1023.00
3577324.00 510.00 1023.00
3579048.00 509.00 1023.00
3580772.00 510.00 1023.00
3582492.00 510.00 1023.00
3584216.00 510.00 1022.00
3585936.00 509.00 1023.00
3587656.00 510.00 1023.00
3589384.00 510.00 1023.00
3591096.00 509.00 1023.00
3592816.00 510.00 1023.00
3594544.00 510.00 1023.00
3596256.00 510.00 1023.00
3597980.00 510.00 1023.00
3599704.00 510.00 1023.00
3601432.00 509.00 1023.00
3603152.00 510.00 1023.00
3604880.00 510.00 1023.00
3606608.00 510.00 1023.00
3608320.00 510.00 1023.00
3610048.00 510.00 1022.00
3611768.00 510.00 1023.00
3613480.00 509.00 1023.00
3615200.00 509.00 1023.00
3616928.00 510.00 1023.00
3618640.00 509.00 1023.00
3620360.00 510.00 1023.00
3622088.00 510.00 1023.00
3623800.00 510.00 1023.00
3625520.00 510.00 1023.00
3627248.00 509.00 1023.00
3628960.00 510.00 1023.00
3630680.00 510.00 1023.00
3632408.00 510.00 1023.00
3634120.00 510.00 1023.00
3635840.00 509.00 1023.00
3637568.00 510.00 1023.00
3639284.00 510.00 1023.00
3641000.00 509.00 1023.00
3642728.00 509.00 1023.00
3644448.00 509.00 1023.00
3646160.00 510.00 1023.00
3647888.00 510.00 1023.00
3649608.00 510.00 1023.00
3651328.00 510.00 1023.00
3653056.00 510.00 1023.00
3654776.00 510.00 1023.00
3656488.00 509.00 1023.00
3658208.00 509.00 1023.00
3659936.00 510.00 1023.00
3661652.00 510.00 1023.00
3663368.00 510.00 1023.00
3665096.00 510.00 1023.00
3666812.00 509.00 1023.00
3668528.00 510.00 1023.00
3670256.00 510.00 1023.00
3671972.00 510.00 1023.00
3673692.00 509.00 1023.00
3675416.00 510.00 1023.00
3677132.00 509.00 1023.00
3678852.00 510.00 1023.00
3680576.00 509.00 1023.00
3682296.00 510.00 1023.00
3684016.00 510.00 1023.00
3685744.00 509.00 1023.00
3687464.00 510.00 1023.00
3689184.00 510.00 1023.00
3690912.00 510.00 1023.00
3692632.00 510.00 1023.00
3694344.00 509.00 1023.00
3696072.00 509.00 1023.00
3697792.00 509.00 1022.00
3699504.00 510.00 1023.00
3701224.00 510.00 1023.00
3702952.00 509.00 1023.00
3704668.00 510.00 1023.00
3706384.00 510.00 1023.00
3708112.00 510.00 1023.00
3709836.00 509.00 1023.00
3711556.00 510.00 1023.00
3713280.00 511.00 1023.00
3715000.00 510.00 1023.00
3716720.00 510.00 1023.00
3718448.00 510.00 1023.00
3720160.00 510.00 1023.00
3721880.00 509.00 1023.00
3723608.00 509.00 1023.00
3725328.00 510.00 1023.00
3727040.00 510.00 1023.00
3728768.00 509.00 1023.00
3730488.00 509.00 1023.00
3732200.00 510.00 1023.00
3733928.00 509.00 1023.00
3735648.00 509.00 1023.00
3737364.00 510.00 1023.00
3739088.00 510.00 1023.00
3740816.00 511.00 1023.00
3742528.00 510.00 1023.00
3744252.00 509.00 1023.00
3745976.00 510.00 1023.00
3747692.00 509.00 1023.00
3749412.00 510.00 1023.00
3751136.00 510.00 1023.00
3752860.00 511.00 1023.00
3754580.00 509.00 1023.00
3756304.00 510.00 1023.00
3758028.00 510.00 1023.00
3759748.00 509.00 1023.00
3761472.00 510.00 1023.00
3763196.00 510.00 1023.00
3764924.00 510.00 1023.00
3766648.00 510.00 1023.00
3768368.00 509.00 1023.00
3770080.00 510.00 1023.00
3771808.00 510.00 1023.00
3773528.00 509.00 1023.00
3775248.00 510.00 1023.00
3776976.00 509.00 1023.00
3778704.00 509.00 1023.00
3780416.00 510.00 1023.00
3782136.00 511.00 1023.00
3783864.00 509.00 1023.00
3785588.00 510.00 1023.00
3787308.00 510.00 1023.00
3789032.00 510.00 1023.00
3790752.00 510.00 1023.00
3792476.00 510.00 1023.00
3794200.00 510.00 1023.00
3795912.00 509.00 1023.00
3797636.00 510.00 1023.00
3799360.00 510.00 1023.00
3801080.00 509.00 1023.00
3802804.00 510.00 1023.00
3804528.00 509.00 1023.00
3806256.00 509.00 1023.00
3807972.00 510.00 1022.00
3809700.00 510.00 1023.00
3811424.00 511.00 1023.00
3813140.00 510.00 1023.00
3814864.00 511.00 1023.00
3816592.00 509.00 1023.00
3818308.00 509.00 1023.00
3820028.00 510.00 1023.00
3821752.00 509.00 1023.00
3823476.00 510.00 1023.00
3825196.00 511.00 1023.00
3826920.00 509.00 1023.00
3828644.00 509.00 1023.00
3830364.00 510.00 1023.00
3832088.00 510.00 1023.00
3833812.00 510.00 1023.00
3835532.00 509.00 1023.00
3837256.00 510.00 1023.00
3838984.00 510.00 1023.00
3840708.00 509.00 1023.00
3842432.00 510.00 1023.00
3844152.00 510.00 1023.00
3845864.00 510.00 1023.00
3847592.00 509.00 1023.00
3849312.00 509.00 1023.00
3851032.00 509.00 1023.00
3852760.00 510.00 1023.00
3854480.00 510.00 1023.00
3856200.00 510.00 1023.00
3857920.00 509.00 1023.00
3859648.00 510.00 1023.00
3861360.00 509.00 1023.00
3863080.00 510.00 1023.00
3864808.00 511.00 1023.00
3866520.00 510.00 1023.00
3868240.00 510.00 1023.00
3869968.00 509.00 1023.00
3871684.00 509.00 1023.00
3873400.00 510.00 1023.00
3875128.00 509.00 1023.00
3876844.00 510.00 1023.00
3878560.00 510.00 1023.00
3880288.00 509.00 1022.00
3882008.00 510.00 1023.00
3883720.00 510.00 1023.00
3885448.00 509.00 1023.00
3887176.00 510.00 1023.00
3888892.00 510.00 1023.00
3890616.00 510.00 1023.00
3892336.00 510.00 1023.00
3894056.00 509.00 1023.00
3895776.00 510.00 1023.00
3897504.00 510.00 1023.00
3899228.00 510.00 1023.00
3900944.00 510.00 1023.00
3902672.00 509.00 1023.00
3904396.00 510.00 1023.00
3906120.00 511.00 1023.00
3907848.00 510.00 1023.00
3909560.00 511.00 1023.00
3911284.00 509.00 1023.00
3913008.00 509.00 1023.00
3914728.00 509.00 1023.00
3916452.00 509.00 1023.00
3918176.00 510.00 1023.00
3919904.00 509.00 1023.00
3921628.00 510.00 1023.00
3923352.00 509.00 1023.00
3925072.00 510.00 1023.00
3926788.00 510.00 1023.00
3928512.00 509.00 1023.00
3930240.00 509.00 1023.00
3931964.00 510.00 1023.00
3933684.00 509.00 1023.00
3935408.00 509.00 1023.00
3937120.00 509.00 1023.00
3938840.00 509.00 1023.00
3940568.00 510.00 1023.00
3942280.00 510.00 1023.00
3944012.00 510.00 1023.00
3945736.00 510.00 1023.00
3947448.00 510.00 1023.00
3949168.00 510.00 1023.00
3950896.00 509.00 1023.00
3952608.00 510.00 1023.00
3954332.00 511.00 1023.00
3956056.00 510.00 1023.00
3957784.00 510.00 1023.00
3959496.00 510.00 1023.00
3961224.00 509.00 1023.00
3962952.00 510.00 1023.00
3964676.00 510.00 1023.00
3966400.00 510.00 1023.00
3968128.00 510.00 1023.00
3969848.00 509.00 1023.00
3971568.00 510.00 1023.00
3973296.00 509.00 1023.00
3975008.00 510.00 1023.00
3976732.00 509.00 1023.00
3978456.00 510.00 1023.00
3980168.00 509.00 1023.00
3981888.00 510.00 1023.00
3983616.00 510.00 1023.00
3985340.00 510.00 1023.00
3987060.00 510.00 1023.00
3988784.00 509.00 1023.00
3990508.00 510.00 1023.00
3992228.00 510.00 1023.00
3993952.00 510.00 1023.00
3995680.00 510.00 1023.00
3997392.00 510.00 1023.00
3999120.00 510.00 1023.00
4000848.00 509.00 1023.00
END
