154398720.00 507.00 1023.00
254400544.00 511.00 1023.00
254402352.00 505.00 1023.00
254404160.00 507.00 1023.00
 507.00 1023.00
254398720.00 507.00 1023.00
254400544.00 511.00 1023.00
254402352.00 505.00 1023.00
254404160.00 507.00 1023.00
Start

time_(μs) raw_current raw_low_voltage
316.00 505.00 906.00
1924.00 510.00 920.00
3480.00 509.00 924.00
5040.00 509.00 915.00
6600.00 506.00 916.00
8160.00 507.00 924.00
9720.00 508.00 939.00
11288.00 512.00 949.00
12892.00 509.00 945.00
14500.00 507.00 942.00
16100.00 504.00 945.00
17708.00 505.00 950.00
19308.00 509.00 957.00
20908.00 509.00 963.00
22508.00 508.00 970.00
24108.00 509.00 971.00
25716.00 503.00 975.00
27316.00 510.00 980.00
28924.00 509.00 985.00
30524.00 509.00 988.00
32128.00 509.00 993.00
33724.00 507.00 997.00
35328.00 507.00 1003.00
36976.00 508.00 1006.00
38616.00 510.00 1010.00
40272.00 507.00 1011.00
41916.00 510.00 1013.00
43564.00 506.00 1015.00
45216.00 506.00 1014.00
46856.00 507.00 1013.00
48512.00 511.00 1010.00
50156.00 508.00 1010.00
51804.00 511.00 1008.00
53456.00 511.00 1007.00
55096.00 509.00 1006.00
56744.00 505.00 1007.00
58400.00 507.00 1008.00
60040.00 506.00 1011.00
61696.00 505.00 1014.00
63336.00 506.00 1018.00
64988.00 505.00 1022.00
66640.00 507.00 1023.00
68292.00 509.00 1023.00
69948.00 506.00 1023.00
71596.00 508.00 1023.00
73244.00 506.00 1023.00
74900.00 511.00 1023.00
76548.00 510.00 1023.00
78204.00 508.00 1023.00
79852.00 508.00 1023.00
81500.00 508.00 1023.00
83156.00 505.00 1023.00
84804.00 507.00 1023.00
86452.00 508.00 1022.00
88104.00 509.00 1022.00
89756.00 509.00 1022.00
91408.00 507.00 1022.00
93060.00 504.00 1021.00
94708.00 512.00 1023.00
96364.00 506.00 1023.00
98012.00 509.00 1023.00
99668.00 509.00 1023.00
101316.00 509.00 1023.00
103008.00 508.00 1023.00
104708.00 508.00 1023.00
106400.00 506.00 1023.00
108096.00 507.00 1023.00
109796.00 505.00 1023.00
111488.00 510.00 1023.00
113184.00 508.00 1023.00
114884.00 511.00 1023.00
116576.00 509.00 1023.00
118272.00 509.00 1023.00
119976.00 509.00 1023.00
121664.00 508.00 1023.00
123360.00 508.00 1023.00
125060.00 510.00 1023.00
126752.00 509.00 1023.00
128448.00 509.00 1023.00
130148.00 513.00 1023.00
131840.00 508.00 1023.00
133520.00 506.00 1023.00
135200.00 509.00 1023.00
136872.00 507.00 1023.00
138552.00 502.00 1023.00
140224.00 508.00 1023.00
141896.00 504.00 1023.00
143576.00 504.00 1023.00
145248.00 509.00 1023.00
146920.00 509.00 1023.00
148600.00 509.00 1023.00
150272.00 507.00 1023.00
151952.00 507.00 1023.00
153632.00 509.00 1023.00
155304.00 511.00 1023.00
156984.00 508.00 1023.00
158656.00 509.00 1023.00
160332.00 509.00 1023.00
162008.00 504.00 1023.00
163680.00 510.00 1023.00
165356.00 509.00 1023.00
167032.00 510.00 1023.00
168704.00 509.00 1023.00
170384.00 509.00 1023.00
172064.00 505.00 1021.00
173736.00 507.00 1023.00
175416.00 507.00 1023.00
177088.00 508.00 1023.00
178760.00 508.00 1023.00
180440.00 509.00 1023.00
182112.00 503.00 1023.00
183784.00 507.00 1023.00
185464.00 508.00 1023.00
187140.00 505.00 1023.00
188816.00 510.00 1023.00
190496.00 508.00 1023.00
192172.00 512.00 1023.00
193848.00 507.00 1023.00
195520.00 511.00 1023.00
197192.00 508.00 1023.00
198872.00 510.00 1023.00
200548.00 506.00 1023.00
202220.00 505.00 1023.00
203896.00 507.00 1023.00
205572.00 506.00 1023.00
207248.00 509.00 1023.00
208928.00 514.00 1023.00
210600.00 505.00 1023.00
212280.00 507.00 1022.00
213952.00 506.00 1023.00
215628.00 506.00 1023.00
217304.00 507.00 1023.00
218980.00 505.00 1023.00
220648.00 507.00 1023.00
222328.00 508.00 1023.00
224004.00 507.00 1023.00
225680.00 505.00 1023.00
227360.00 507.00 1023.00
229032.00 510.00 1023.00
230712.00 509.00 1023.00
232388.00 507.00 1023.00
234060.00 509.00 1023.00
235736.00 507.00 1023.00
237412.00 510.00 1023.00
239084.00 507.00 1023.00
240760.00 511.00 1023.00
242436.00 513.00 1023.00
244112.00 506.00 1023.00
245792.00 510.00 1023.00
247464.00 509.00 1023.00
249144.00 508.00 1023.00
250820.00 507.00 1023.00
252492.00 510.00 1023.00
254168.00 509.00 1023.00
255844.00 510.00 1023.00
257516.00 508.00 1023.00
259192.00 508.00 1023.00
260868.00 504.00 1023.00
262544.00 511.00 1023.00
264224.00 505.00 1023.00
265896.00 509.00 1023.00
267576.00 506.00 1023.00
269248.00 508.00 1023.00
270920.00 508.00 1023.00
272600.00 508.00 1023.00
274272.00 508.00 1022.00
275948.00 509.00 1023.00
277624.00 507.00 1023.00
279300.00 508.00 1023.00
280976.00 506.00 1023.00
282656.00 510.00 1022.00
284332.00 508.00 1023.00
286008.00 506.00 1023.00
287684.00 509.00 1023.00
289352.00 502.00 1023.00
291032.00 508.00 1023.00
292708.00 510.00 1023.00
294380.00 507.00 1023.00
296056.00 509.00 1023.00
297728.00 505.00 1023.00
299408.00 506.00 1023.00
301088.00 507.00 1023.00
302764.00 507.00 1023.00
304440.00 507.00 1023.00
306116.00 506.00 1023.00
307788.00 510.00 1023.00
309464.00 508.00 1023.00
311140.00 508.00 1023.00
312812.00 506.00 1023.00
314488.00 507.00 1023.00
316164.00 506.00 1023.00
317840.00 511.00 1023.00
319520.00 510.00 1023.00
321196.00 508.00 1023.00
322872.00 509.00 1023.00
324544.00 504.00 1023.00
326216.00 505.00 1023.00
327896.00 513.00 1023.00
329568.00 507.00 1023.00
331240.00 509.00 1023.00
332920.00 508.00 1023.00
334592.00 509.00 1023.00
336272.00 509.00 1023.00
337952.00 509.00 1023.00
339624.00 510.00 1023.00
341304.00 509.00 1023.00
342976.00 507.00 1023.00
344652.00 508.00 1023.00
346328.00 506.00 1023.00
348000.00 507.00 1023.00
349676.00 506.00 1023.00
351352.00 506.00 1023.00
353028.00 511.00 1023.00
354704.00 507.00 1023.00
356384.00 507.00 1023.00
358060.00 513.00 1023.00
359736.00 509.00 1023.00
361412.00 509.00 1023.00
363084.00 508.00 1023.00
364760.00 506.00 1023.00
366436.00 507.00 1023.00
368104.00 508.00 1023.00
369784.00 508.00 1023.00
371456.00 504.00 1023.00
373136.00 507.00 1023.00
374816.00 513.00 1023.00
376492.00 509.00 1023.00
378168.00 508.00 1023.00
379844.00 507.00 1023.00
381516.00 507.00 1023.00
383192.00 503.00 1023.00
384868.00 511.00 1023.00
386536.00 509.00 1023.00
388216.00 512.00 1023.00
389892.00 508.00 1023.00
391568.00 506.00 1023.00
393248.00 509.00 1023.00
394924.00 510.00 1023.00
396600.00 507.00 1023.00
398276.00 510.00 1023.00
399948.00 507.00 1023.00
401624.00 509.00 1023.00
403296.00 505.00 1023.00
404968.00 508.00 1023.00
406648.00 508.00 1023.00
408324.00 505.00 1023.00
410000.00 508.00 1023.00
411680.00 510.00 1023.00
413344.00 507.00 1023.00
415024.00 509.00 1023.00
416700.00 508.00 1023.00
418368.00 506.00 1023.00
420048.00 508.00 1023.00
421720.00 507.00 1023.00
423392.00 505.00 1023.00
425072.00 505.00 1023.00
426744.00 505.00 1023.00
428424.00 505.00 1023.00
430104.00 506.00 1023.00
431776.00 510.00 1023.00
433456.00 504.00 1022.00
435132.00 504.00 1023.00
436804.00 510.00 1023.00
438480.00 509.00 1023.00
440152.00 511.00 1023.00
441828.00 508.00 1023.00
443504.00 511.00 1023.00
445180.00 511.00 1023.00
446856.00 509.00 1023.00
448536.00 510.00 1023.00
450208.00 507.00 1023.00
451888.00 508.00 1023.00
453560.00 508.00 1023.00
455236.00 506.00 1023.00
456912.00 507.00 1023.00
458588.00 506.00 1023.00
460260.00 503.00 1023.00
461936.00 506.00 1023.00
463612.00 512.00 1023.00
465288.00 509.00 1023.00
466968.00 507.00 1023.00
468644.00 508.00 1023.00
470320.00 506.00 1023.00
471996.00 506.00 1023.00
473668.00 508.00 1023.00
475344.00 508.00 1023.00
477020.00 508.00 1023.00
478692.00 507.00 1023.00
480368.00 505.00 1023.00
482040.00 508.00 1023.00
483720.00 511.00 1023.00
485400.00 512.00 1023.00
487076.00 508.00 1023.00
488752.00 510.00 1023.00
490428.00 506.00 1023.00
492100.00 505.00 1023.00
493776.00 507.00 1023.00
495448.00 511.00 1023.00
497124.00 508.00 1023.00
498800.00 509.00 1023.00
500476.00 511.00 1023.00
502152.00 507.00 1023.00
503832.00 508.00 1023.00
505508.00 509.00 1023.00
507184.00 506.00 1023.00
508860.00 509.00 1023.00
510532.00 512.00 1023.00
512212.00 506.00 1023.00
513880.00 510.00 1023.00
515552.00 511.00 1023.00
517232.00 508.00 1023.00
518904.00 507.00 1023.00
520584.00 508.00 1023.00
522264.00 511.00 1023.00
523936.00 509.00 1023.00
525616.00 507.00 1023.00
527288.00 508.00 1023.00
528964.00 509.00 1023.00
530640.00 508.00 1023.00
532304.00 504.00 1023.00
533980.00 508.00 1023.00
535656.00 507.00 1023.00
537332.00 507.00 1023.00
539008.00 508.00 1023.00
540688.00 506.00 1023.00
542360.00 506.00 1023.00
544040.00 507.00 1023.00
545712.00 513.00 1023.00
547388.00 506.00 1023.00
549064.00 509.00 1023.00
550740.00 506.00 1023.00
552412.00 508.00 1023.00
554088.00 506.00 1023.00
555764.00 505.00 1023.00
557440.00 507.00 1023.00
559120.00 505.00 1023.00
560796.00 511.00 1023.00
562472.00 503.00 1023.00
564148.00 507.00 1023.00
565820.00 510.00 1023.00
567496.00 508.00 1023.00
569172.00 508.00 1023.00
570844.00 504.00 1023.00
572520.00 510.00 1023.00
574196.00 510.00 1023.00
575872.00 509.00 1023.00
577552.00 506.00 1023.00
579228.00 508.00 1023.00
580904.00 510.00 1023.00
582572.00 510.00 1023.00
584244.00 508.00 1023.00
585920.00 507.00 1023.00
587596.00 509.00 1023.00
589268.00 510.00 1023.00
590944.00 508.00 1023.00
592620.00 509.00 1023.00
594296.00 507.00 1023.00
595976.00 508.00 1023.00
597652.00 505.00 1023.00
599328.00 509.00 1023.00
601004.00 509.00 1023.00
602676.00 505.00 1023.00
604352.00 511.00 1023.00
606028.00 504.00 1023.00
607700.00 511.00 1023.00
609376.00 511.00 1023.00
611052.00 509.00 1023.00
612728.00 509.00 1023.00
614408.00 507.00 1023.00
616080.00 509.00 1023.00
617760.00 506.00 1023.00
619432.00 514.00 1023.00
621108.00 505.00 1023.00
622784.00 509.00 1023.00
624460.00 509.00 1023.00
626132.00 505.00 1023.00
627808.00 506.00 1023.00
629484.00 511.00 1023.00
631160.00 505.00 1023.00
632840.00 509.00 1023.00
634516.00 511.00 1023.00
636192.00 508.00 1023.00
637868.00 508.00 1023.00
639540.00 510.00 1023.00
641220.00 510.00 1023.00
642888.00 506.00 1023.00
644560.00 506.00 1023.00
646240.00 505.00 1023.00
647912.00 501.00 1023.00
649592.00 510.00 1023.00
651272.00 506.00 1023.00
652948.00 507.00 1023.00
654624.00 507.00 1023.00
656300.00 507.00 1023.00
657968.00 510.00 1023.00
659648.00 510.00 1023.00
661312.00 506.00 1023.00
662984.00 508.00 1023.00
664664.00 508.00 1023.00
666336.00 505.00 1023.00
668016.00 508.00 1023.00
669680.00 509.00 1023.00
671352.00 509.00 1023.00
673032.00 504.00 1023.00
674704.00 507.00 1023.00
676380.00 510.00 1023.00
678056.00 508.00 1023.00
679732.00 509.00 1023.00
681400.00 511.00 1023.00
683080.00 512.00 1023.00
684756.00 510.00 1023.00
686432.00 506.00 1023.00
688104.00 509.00 1022.00
689776.00 509.00 1023.00
691456.00 510.00 1023.00
693128.00 507.00 1023.00
694800.00 506.00 1023.00
696480.00 511.00 1023.00
698152.00 505.00 1023.00
699828.00 505.00 1023.00
701504.00 511.00 1023.00
703180.00 505.00 1023.00
704856.00 505.00 1023.00
706528.00 506.00 1023.00
708204.00 506.00 1023.00
709880.00 513.00 1023.00
711556.00 504.00 1023.00
713228.00 511.00 1023.00
714904.00 505.00 1023.00
716580.00 504.00 1023.00
718252.00 510.00 1023.00
719928.00 507.00 1023.00
721604.00 508.00 1023.00
723280.00 507.00 1023.00
724952.00 507.00 1023.00
726628.00 506.00 1023.00
728304.00 508.00 1023.00
729980.00 505.00 1023.00
731652.00 511.00 1023.00
733328.00 510.00 1023.00
735004.00 510.00 1023.00
736680.00 507.00 1023.00
738360.00 510.00 1023.00
740036.00 506.00 1023.00
741712.00 510.00 1023.00
743388.00 505.00 1023.00
745056.00 508.00 1023.00
746736.00 509.00 1022.00
748412.00 508.00 1023.00
750084.00 507.00 1023.00
751760.00 505.00 1023.00
753436.00 503.00 1023.00
755112.00 505.00 1023.00
756796.00 510.00 1023.00
758468.00 508.00 1023.00
760144.00 504.00 1023.00
761820.00 509.00 1023.00
763492.00 508.00 1023.00
765168.00 508.00 1022.00
766844.00 506.00 1023.00
768516.00 504.00 1023.00
770192.00 506.00 1023.00
771868.00 508.00 1023.00
773544.00 501.00 1023.00
775224.00 509.00 1023.00
776900.00 508.00 1023.00
778576.00 515.00 1023.00
780252.00 506.00 1023.00
781924.00 509.00 1023.00
783600.00 509.00 1023.00
785276.00 507.00 1023.00
786948.00 509.00 1023.00
788624.00 506.00 1022.00
790300.00 510.00 1023.00
791976.00 508.00 1023.00
793660.00 510.00 1023.00
795332.00 509.00 1023.00
797008.00 509.00 1023.00
798684.00 508.00 1023.00
800356.00 512.00 1023.00
802032.00 506.00 1023.00
803704.00 509.00 1023.00
805380.00 508.00 1023.00
807056.00 508.00 1023.00
808732.00 508.00 1023.00
810408.00 510.00 1023.00
812088.00 508.00 1023.00
813764.00 508.00 1023.00
815440.00 505.00 1023.00
817116.00 508.00 1023.00
818788.00 510.00 1023.00
820464.00 505.00 1023.00
822136.00 507.00 1021.00
823808.00 510.00 1023.00
825488.00 507.00 1023.00
827160.00 509.00 1023.00
828840.00 511.00 1023.00
830520.00 508.00 1022.00
832192.00 506.00 1023.00
833872.00 507.00 1023.00
835536.00 511.00 1023.00
837208.00 506.00 1023.00
838888.00 507.00 1023.00
840560.00 507.00 1023.00
842232.00 509.00 1023.00
843912.00 508.00 1023.00
845588.00 507.00 1023.00
847264.00 505.00 1023.00
848944.00 507.00 1023.00
850616.00 510.00 1023.00
852296.00 510.00 1023.00
853972.00 508.00 1023.00
855644.00 505.00 1023.00
857320.00 507.00 1023.00
858996.00 511.00 1023.00
860668.00 507.00 1023.00
862344.00 506.00 1023.00
864020.00 506.00 1023.00
865696.00 506.00 1023.00
867368.00 506.00 1023.00
869040.00 506.00 1023.00
870720.00 509.00 1023.00
872392.00 509.00 1023.00
874068.00 507.00 1023.00
875744.00 510.00 1023.00
877420.00 510.00 1023.00
879092.00 506.00 1023.00
880768.00 507.00 1023.00
882440.00 508.00 1023.00
884120.00 509.00 1023.00
885800.00 506.00 1023.00
887472.00 506.00 1023.00
889152.00 507.00 1023.00
890828.00 508.00 1023.00
892500.00 508.00 1023.00
894176.00 506.00 1023.00
895852.00 508.00 1023.00
897524.00 508.00 1023.00
899200.00 507.00 1023.00
900872.00 508.00 1023.00
902552.00 508.00 1023.00
904232.00 505.00 1023.00
905908.00 508.00 1023.00
907584.00 509.00 1023.00
909260.00 512.00 1023.00
910932.00 506.00 1023.00
912608.00 505.00 1023.00
914284.00 510.00 1023.00
915956.00 507.00 1023.00
917632.00 509.00 1023.00
919308.00 507.00 1023.00
920984.00 509.00 1023.00
922664.00 510.00 1023.00
924340.00 508.00 1023.00
926016.00 506.00 1023.00
927692.00 507.00 1023.00
929364.00 506.00 1023.00
931040.00 506.00 1023.00
932716.00 506.00 1023.00
934388.00 508.00 1023.00
936064.00 507.00 1023.00
937740.00 509.00 1023.00
939416.00 509.00 1023.00
941096.00 507.00 1023.00
942772.00 510.00 1023.00
944448.00 506.00 1023.00
946124.00 509.00 1023.00
947796.00 506.00 1023.00
949472.00 509.00 1023.00
951148.00 508.00 1023.00
952820.00 509.00 1023.00
954496.00 511.00 1023.00
956172.00 506.00 1023.00
957848.00 508.00 1023.00
959528.00 505.00 1023.00
961204.00 508.00 1023.00
962880.00 507.00 1023.00
964552.00 509.00 1023.00
966228.00 509.00 1023.00
967904.00 506.00 1023.00
969580.00 504.00 1023.00
971252.00 506.00 1023.00
972928.00 507.00 1023.00
974600.00 510.00 1023.00
976280.00 506.00 1023.00
977960.00 513.00 1023.00
979636.00 511.00 1023.00
981312.00 507.00 1023.00
982988.00 506.00 1023.00
984660.00 510.00 1023.00
986336.00 509.00 1023.00
988012.00 512.00 1023.00
989684.00 508.00 1023.00
991360.00 510.00 1023.00
993036.00 505.00 1023.00
994712.00 504.00 1023.00
996392.00 507.00 1023.00
998068.00 508.00 1023.00
999744.00 507.00 1023.00
1001420.00 511.00 1023.00
1003136.00 509.00 128.00
1004804.00 526.00 469.00
1006472.00 526.00 466.00
1008148.00 525.00 446.00
1009824.00 526.00 413.00
1011500.00 529.00 377.00
1013172.00 527.00 337.00
1014848.00 530.00 324.00
1016524.00 525.00 326.00
1018200.00 527.00 286.00
1019876.00 523.00 269.00
1021548.00 524.00 304.00
1023224.00 523.00 231.00
1024896.00 523.00 196.00
1026556.00 524.00 223.00
1028228.00 527.00 248.00
1029892.00 528.00 212.00
1031564.00 525.00 222.00
1033236.00 525.00 193.00
1034900.00 523.00 181.00
1036572.00 523.00 194.00
1038236.00 524.00 182.00
1039900.00 531.00 232.00
1041572.00 520.00 173.00
1043236.00 523.00 171.00
1044900.00 523.00 142.00
1046572.00 519.00 186.00
1048236.00 525.00 155.00
1049908.00 522.00 167.00
1051572.00 526.00 189.00
1053236.00 518.00 172.00
1054908.00 519.00 116.00
1056572.00 522.00 165.00
1058236.00 524.00 145.00
1059908.00 511.00 141.00
1061572.00 521.00 152.00
1063244.00 517.00 138.00
1064908.00 521.00 151.00
1066572.00 522.00 145.00
1068244.00 518.00 148.00
1069908.00 528.00 158.00
1071572.00 519.00 146.00
1073244.00 523.00 151.00
1074908.00 522.00 158.00
1076580.00 520.00 176.00
1078244.00 521.00 169.00
1079908.00 519.00 143.00
1081580.00 520.00 153.00
1083244.00 524.00 167.00
1084908.00 520.00 184.00
1086580.00 522.00 184.00
1088244.00 519.00 136.00
1089912.00 520.00 124.00
1091580.00 522.00 134.00
1093252.00 519.00 148.00
1094924.00 518.00 147.00
1096588.00 526.00 167.00
1098260.00 521.00 181.00
1099932.00 518.00 44.00
1101556.00 518.00 131.00
1103228.00 518.00 98.00
1104852.00 509.00 0.00
1106416.00 517.00 139.00
1108084.00 522.00 130.00
1109748.00 518.00 118.00
1111420.00 523.00 131.00
1113084.00 521.00 136.00
1114756.00 524.00 150.00
1116428.00 526.00 177.00
1118092.00 518.00 126.00
1119756.00 519.00 169.00
1121428.00 518.00 124.00
1123092.00 522.00 142.00
1124764.00 522.00 142.00
1126436.00 519.00 137.00
1128100.00 518.00 119.00
1129772.00 525.00 132.00
1131436.00 518.00 122.00
1133100.00 518.00 122.00
1134772.00 518.00 97.00
1136396.00 512.00 106.00
1138068.00 516.00 101.00
1139740.00 518.00 134.00
1141404.00 518.00 123.00
1143076.00 520.00 132.00
1144740.00 519.00 127.00
1146408.00 518.00 132.00
1148076.00 519.00 127.00
1149740.00 521.00 142.00
1151404.00 520.00 98.00
1153032.00 521.00 132.00
1154700.00 520.00 92.00
1156328.00 521.00 136.00
1157988.00 519.00 98.00
1159612.00 520.00 144.00
1161284.00 513.00 114.00
1162948.00 519.00 144.00
1164620.00 517.00 122.00
1166284.00 519.00 154.00
1167948.00 518.00 136.00
1169620.00 522.00 166.00
1171284.00 521.00 139.00
1172948.00 522.00 111.00
1174620.00 517.00 132.00
1176284.00 518.00 123.00
1177956.00 523.00 131.00
1179620.00 520.00 123.00
1181284.00 517.00 123.00
1182956.00 519.00 118.00
1184624.00 519.00 111.00
1186284.00 519.00 116.00
1187956.00 519.00 109.00
1189620.00 521.00 103.00
1191292.00 516.00 106.00
1192956.00 521.00 106.00
1194632.00 519.00 84.00
1196256.00 517.00 101.00
1197928.00 516.00 114.00
1199592.00 516.00 115.00
1201260.00 516.00 124.00
1202924.00 517.00 108.00
1204596.00 519.00 146.00
1206260.00 519.00 129.00
1207924.00 520.00 112.00
1209596.00 520.00 120.00
1211264.00 518.00 107.00
1212924.00 515.00 95.00
1214552.00 520.00 102.00
1216224.00 516.00 98.00
1217848.00 514.00 94.00
1219476.00 521.00 104.00
1221140.00 523.00 104.00
1222812.00 518.00 122.00
1224476.00 518.00 118.00
1226148.00 523.00 100.00
1227820.00 518.00 111.00
1229488.00 521.00 99.00
1231112.00 516.00 88.00
1232732.00 517.00 82.00
1234352.00 517.00 96.00
1235984.00 516.00 95.00
1237612.00 519.00 112.00
1239284.00 513.00 108.00
1240948.00 523.00 91.00
1242572.00 520.00 111.00
1244244.00 513.00 95.00
1245864.00 516.00 74.00
1247496.00 513.00 87.00
1249124.00 513.00 54.00
1250748.00 519.00 116.00
1252420.00 520.00 134.00
1254084.00 522.00 111.00
1255756.00 516.00 91.00
1257380.00 516.00 92.00
1259004.00 516.00 75.00
1260632.00 514.00 96.00
1262260.00 514.00 96.00
1263888.00 522.00 91.00
1265516.00 523.00 99.00
1267140.00 515.00 85.00
1268768.00 515.00 80.00
1270396.00 513.00 79.00
1272024.00 519.00 114.00
1273692.00 511.00 0.00
1275256.00 516.00 95.00
1276876.00 519.00 80.00
1278500.00 518.00 69.00
1280128.00 516.00 94.00
1281752.00 514.00 89.00
1283384.00 518.00 92.00
1285000.00 516.00 81.00
1286632.00 518.00 68.00
1288264.00 516.00 70.00
1289880.00 512.00 38.00
1291512.00 518.00 87.00
1293132.00 516.00 93.00
1294752.00 516.00 68.00
1296376.00 513.00 75.00
1298008.00 518.00 40.00
1299640.00 523.00 88.00
1301256.00 513.00 85.00
1302888.00 513.00 64.00
1304516.00 512.00 77.00
1306140.00 514.00 78.00
1307768.00 516.00 89.00
1309396.00 519.00 75.00
1311024.00 516.00 62.00
1312648.00 514.00 88.00
1314272.00 511.00 83.00
1315904.00 519.00 83.00
1317520.00 514.00 73.00
1319152.00 511.00 71.00
1320780.00 519.00 110.00
1322444.00 514.00 86.00
1324072.00 513.00 70.00
1325688.00 520.00 76.00
1327320.00 519.00 84.00
1328940.00 519.00 91.00
1330560.00 513.00 63.00
1332184.00 514.00 0.00
1333752.00 517.00 86.00
1335376.00 510.00 76.00
1337000.00 519.00 90.00
1338632.00 517.00 0.00
1340192.00 514.00 62.00
1341816.00 517.00 97.00
1343432.00 518.00 104.00
1345100.00 517.00 79.00
1346728.00 514.00 8.00
1348308.00 515.00 65.00
1349936.00 516.00 113.00
1351604.00 520.00 91.00
1353228.00 515.00 67.00
1354856.00 513.00 66.00
1356472.00 520.00 50.00
1358104.00 519.00 92.00
1359728.00 516.00 75.00
1361356.00 504.00 0.00
1362920.00 518.00 76.00
1364536.00 511.00 64.00
1366168.00 513.00 85.00
1367792.00 513.00 73.00
1369424.00 514.00 73.00
1371052.00 518.00 104.00
1372716.00 513.00 93.00
1374344.00 514.00 63.00
1375972.00 515.00 60.00
1377600.00 516.00 43.00
1379224.00 520.00 86.00
1380848.00 515.00 74.00
1382480.00 512.00 62.00
1384104.00 518.00 90.00
1385736.00 518.00 93.00
1387352.00 516.00 82.00
1388980.00 516.00 70.00
1390608.00 514.00 96.00
1392236.00 520.00 120.00
1393908.00 516.00 71.00
1395532.00 514.00 65.00
1397152.00 516.00 91.00
1398780.00 514.00 100.00
1400452.00 516.00 82.00
1402080.00 507.00 4.00
1403664.00 515.00 74.00
1405288.00 517.00 114.00
1406956.00 518.00 92.00
1408580.00 516.00 74.00
1410208.00 510.00 40.00
1411824.00 517.00 34.00
1413456.00 514.00 89.00
1415080.00 521.00 75.00
1416704.00 513.00 66.00
1418336.00 517.00 96.00
1419964.00 514.00 93.00
1421592.00 516.00 72.00
1423220.00 515.00 64.00
1424844.00 516.00 0.00
1426408.00 515.00 124.00
1428068.00 513.00 76.00
1429696.00 515.00 63.00
1431324.00 515.00 84.00
1432952.00 515.00 72.00
1434580.00 518.00 80.00
1436200.00 512.00 66.00
1437832.00 514.00 82.00
1439452.00 517.00 123.00
1441124.00 517.00 77.00
1442744.00 517.00 58.00
1444368.00 514.00 94.00
1446000.00 514.00 101.00
1447660.00 516.00 73.00
1449288.00 504.00 20.00
1450912.00 516.00 20.00
1452540.00 516.00 86.00
1454168.00 517.00 74.00
1455792.00 513.00 60.00
1457424.00 514.00 96.00
1459052.00 516.00 88.00
1460676.00 517.00 66.00
1462304.00 517.00 67.00
1463932.00 514.00 51.00
1465560.00 516.00 86.00
1467188.00 507.00 0.00
1468752.00 513.00 50.00
1470380.00 514.00 98.00
1472004.00 520.00 85.00
1473632.00 516.00 70.00
1475252.00 518.00 79.00
1476880.00 516.00 91.00
1478496.00 514.00 85.00
1480120.00 513.00 63.00
1481752.00 514.00 57.00
1483368.00 517.00 113.00
1485044.00 516.00 74.00
1486664.00 513.00 52.00
1488288.00 513.00 80.00
1489912.00 519.00 87.00
1491540.00 517.00 66.00
1493168.00 516.00 64.00
1494796.00 512.00 51.00
1496424.00 515.00 77.00
1498048.00 512.00 63.00
1499672.00 512.00 80.00
1501304.00 514.00 81.00
1502932.00 515.00 72.00
1504560.00 512.00 58.00
1506188.00 519.00 97.00
1507812.00 516.00 88.00
1509440.00 516.00 62.00
1511068.00 512.00 50.00
1512696.00 517.00 76.00
1514324.00 512.00 67.00
1515948.00 516.00 52.00
1517576.00 505.00 28.00
1519204.00 517.00 81.00
1520832.00 515.00 69.00
1522460.00 517.00 51.00
1524088.00 514.00 117.00
1525756.00 517.00 73.00
1527388.00 517.00 57.00
1529016.00 516.00 96.00
1530644.00 519.00 82.00
1532272.00 514.00 69.00
1533900.00 510.00 65.00
1535524.00 514.00 93.00
1537156.00 514.00 68.00
1538776.00 518.00 53.00
1540408.00 508.00 44.00
1542024.00 519.00 78.00
1543652.00 515.00 55.00
1545280.00 518.00 78.00
1546908.00 517.00 73.00
1548536.00 512.00 65.00
1550164.00 511.00 56.00
1551788.00 514.00 100.00
1553460.00 513.00 73.00
1555084.00 513.00 54.00
1556712.00 514.00 88.00
1558340.00 516.00 86.00
1559964.00 516.00 57.00
1561588.00 514.00 66.00
1563212.00 513.00 12.00
1564840.00 511.00 68.00
1566456.00 508.00 44.00
1568088.00 510.00 24.00
1569712.00 514.00 83.00
1571340.00 517.00 69.00
1572968.00 512.00 68.00
1574596.00 518.00 111.00
1576268.00 516.00 65.00
1577892.00 512.00 0.00
1579456.00 510.00 64.00
1581088.00 516.00 86.00
1582716.00 513.00 61.00
1584344.00 509.00 40.00
1585972.00 508.00 0.00
1587536.00 515.00 81.00
1589164.00 514.00 69.00
1590788.00 516.00 64.00
1592416.00 514.00 102.00
1594084.00 520.00 77.00
1595712.00 513.00 56.00
1597340.00 511.00 92.00
1598964.00 518.00 92.00
1600592.00 516.00 67.00
1602216.00 514.00 59.00
1603848.00 522.00 61.00
1605464.00 516.00 84.00
1607088.00 514.00 56.00
1608720.00 508.00 0.00
1610280.00 516.00 80.00
1611904.00 515.00 77.00
1613524.00 514.00 52.00
1615152.00 516.00 77.00
1616772.00 516.00 90.00
1618396.00 519.00 71.00
1620024.00 515.00 61.00
1621648.00 513.00 76.00
1623280.00 514.00 85.00
1624904.00 516.00 31.00
1626532.00 515.00 64.00
1628156.00 519.00 106.00
1629832.00 516.00 71.00
1631456.00 511.00 51.00
1633084.00 513.00 82.00
1634708.00 522.00 89.00
1636332.00 514.00 63.00
1637956.00 515.00 66.00
1639584.00 516.00 70.00
1641208.00 517.00 73.00
1642840.00 514.00 61.00
1644456.00 512.00 53.00
1646080.00 517.00 79.00
1647712.00 518.00 65.00
1649328.00 513.00 56.00
1650960.00 517.00 102.00
1652620.00 519.00 76.00
1654240.00 508.00 44.00
1655872.00 518.00 84.00
1657488.00 515.00 81.00
1659120.00 516.00 67.00
1660744.00 517.00 61.00
1662368.00 515.00 69.00
1663996.00 517.00 78.00
1665628.00 510.00 62.00
1667256.00 514.00 55.00
1668872.00 519.00 116.00
1670548.00 515.00 65.00
1672168.00 513.00 57.00
1673792.00 516.00 98.00
1675424.00 522.00 98.00
1677052.00 517.00 71.00
1678680.00 512.00 36.00
1680304.00 519.00 76.00
1681928.00 519.00 87.00
1683560.00 515.00 67.00
1685176.00 508.00 6.00
1686764.00 515.00 86.00
1688384.00 521.00 79.00
1690008.00 514.00 70.00
1691632.00 519.00 57.00
1693256.00 516.00 42.00
1694888.00 523.00 82.00
1696504.00 514.00 79.00
1698136.00 515.00 61.00
1699752.00 515.00 93.00
1701380.00 514.00 96.00
1703008.00 518.00 75.00
1704632.00 515.00 70.00
1706264.00 517.00 72.00
1707892.00 520.00 88.00
1709512.00 514.00 63.00
1711144.00 516.00 58.00
1712772.00 517.00 96.00
1714400.00 516.00 82.00
1716028.00 517.00 79.00
1717648.00 509.00 27.00
1719276.00 519.00 24.00
1720900.00 519.00 85.00
1722528.00 515.00 76.00
1724148.00 515.00 61.00
1725776.00 518.00 88.00
1727400.00 518.00 93.00
1729028.00 517.00 79.00
1730656.00 513.00 65.00
1732280.00 514.00 84.00
1733912.00 520.00 73.00
1735532.00 518.00 68.00
1737156.00 509.00 34.00
1738784.00 513.00 64.00
1740412.00 514.00 23.00
1742040.00 519.00 81.00
1743664.00 516.00 74.00
1745292.00 513.00 74.00
1746912.00 516.00 110.00
1748580.00 519.00 86.00
1750208.00 513.00 60.00
1751836.00 515.00 74.00
1753464.00 517.00 77.00
1755092.00 518.00 83.00
1756716.00 512.00 0.00
1758288.00 515.00 63.00
1759908.00 516.00 100.00
1761580.00 516.00 94.00
1763200.00 514.00 67.00
1764824.00 512.00 67.00
1766456.00 519.00 48.00
1768072.00 518.00 87.00
1769704.00 514.00 71.00
1771320.00 514.00 59.00
1772948.00 513.00 97.00
1774568.00 517.00 94.00
1776196.00 519.00 70.00
1777824.00 512.00 66.00
1779452.00 533.00 61.00
1781080.00 516.00 82.00
1782708.00 512.00 70.00
1784332.00 512.00 60.00
1785960.00 516.00 102.00
1787620.00 516.00 83.00
1789248.00 513.00 57.00
1790876.00 512.00 76.00
1792500.00 514.00 81.00
1794128.00 516.00 73.00
1795748.00 504.00 0.00
1797316.00 515.00 79.00
1798940.00 520.00 125.00
1800612.00 512.00 71.00
1802236.00 510.00 57.00
1803868.00 518.00 94.00
1805496.00 516.00 89.00
1807112.00 521.00 61.00
1808744.00 511.00 66.00
1810368.00 511.00 64.00
1811996.00 513.00 79.00
1813624.00 514.00 66.00
1815252.00 513.00 79.00
1816880.00 520.00 92.00
1818504.00 515.00 171.00
1820172.00 514.00 59.00
1821800.00 516.00 98.00
1823420.00 521.00 87.00
1825048.00 515.00 59.00
1826672.00 513.00 69.00
1828300.00 514.00 75.00
1829928.00 519.00 73.00
1831556.00 515.00 57.00
1833184.00 518.00 32.00
1834812.00 516.00 80.00
1836436.00 519.00 67.00
1838060.00 514.00 56.00
1839684.00 516.00 114.00
1841356.00 510.00 63.00
1842980.00 513.00 56.00
1844604.00 515.00 99.00
1846224.00 520.00 82.00
1847848.00 514.00 55.00
1849480.00 513.00 76.00
1851108.00 517.00 74.00
1852736.00 514.00 63.00
1854364.00 514.00 58.00
1855988.00 510.00 56.00
1857616.00 514.00 73.00
1859240.00 513.00 60.00
1860872.00 514.00 52.00
1862488.00 517.00 82.00
1864112.00 504.00 0.00
1865680.00 512.00 51.00
1867296.00 520.00 111.00
1868972.00 517.00 63.00
1870592.00 508.00 3.00
1872180.00 513.00 90.00
1873804.00 516.00 86.00
1875428.00 515.00 50.00
1877056.00 513.00 76.00
1878684.00 509.00 69.00
1880312.00 512.00 63.00
1881940.00 516.00 69.00
1883564.00 517.00 77.00
1885192.00 512.00 63.00
1886820.00 510.00 22.00
1888448.00 501.00 42.00
1890072.00 516.00 82.00
1891704.00 508.00 56.00
1893332.00 512.00 82.00
1894956.00 517.00 77.00
1896584.00 512.00 60.00
1898212.00 511.00 58.00
1899840.00 515.00 114.00
1901508.00 512.00 64.00
1903132.00 512.00 52.00
1904760.00 513.00 103.00
1906428.00 518.00 67.00
1908056.00 512.00 13.00
1909684.00 517.00 84.00
1911308.00 518.00 67.00
1912936.00 513.00 43.00
1914564.00 514.00 79.00
1916192.00 515.00 79.00
1917820.00 512.00 60.00
1919444.00 517.00 80.00
1921076.00 512.00 91.00
1922700.00 515.00 58.00
1924328.00 511.00 64.00
1925956.00 515.00 79.00
1927580.00 516.00 63.00
1929204.00 514.00 54.00
1930824.00 512.00 59.00
1932456.00 518.00 70.00
1934084.00 510.00 40.00
1935712.00 515.00 20.00
1937332.00 515.00 79.00
1938956.00 513.00 9.00
1940540.00 517.00 67.00
1942164.00 517.00 81.00
1943792.00 516.00 67.00
1945420.00 514.00 65.00
1947044.00 516.00 105.00
1948716.00 517.00 56.00
1950340.00 512.00 56.00
1951968.00 515.00 95.00
1953596.00 517.00 82.00
1955220.00 514.00 54.00
1956844.00 514.00 77.00
1958468.00 518.00 79.00
1960096.00 515.00 61.00
1961724.00 510.00 62.00
1963352.00 512.00 68.00
1964980.00 516.00 70.00
1966604.00 515.00 52.00
1968232.00 513.00 74.00
1969848.00 515.00 80.00
1971480.00 513.00 62.00
1973104.00 516.00 72.00
1974732.00 517.00 81.00
1976360.00 517.00 62.00
1977984.00 514.00 60.00
1979616.00 517.00 118.00
1981284.00 515.00 63.00
1982908.00 515.00 50.00
1984536.00 515.00 88.00
1986160.00 519.00 78.00
1987792.00 516.00 50.00
1989420.00 516.00 85.00
1991044.00 512.00 89.00
1992668.00 514.00 57.00
1994292.00 515.00 83.00
1995920.00 515.00 91.00
1997548.00 514.00 58.00
1999176.00 511.00 58.00
2000804.00 519.00 85.00
2002424.00 513.00 65.00
2004056.00 517.00 60.00
2005680.00 515.00 60.00
2007312.00 516.00 72.00
2008940.00 513.00 59.00
2010564.00 517.00 53.00
2012192.00 517.00 79.00
2013812.00 516.00 60.00
2015440.00 512.00 80.00
2017068.00 510.00 78.00
2018692.00 516.00 63.00
2020316.00 510.00 52.00
2021940.00 513.00 92.00
2023568.00 514.00 70.00
2025196.00 513.00 48.00
2026824.00 517.00 88.00
2028452.00 517.00 69.00
2030076.00 515.00 57.00
2031704.00 514.00 68.00
2033332.00 517.00 78.00
2034960.00 516.00 69.00
2036588.00 507.00 13.00
2038212.00 518.00 36.00
2039840.00 515.00 81.00
2041468.00 516.00 64.00
2043096.00 509.00 70.00
2044724.00 517.00 118.00
2046392.00 511.00 55.00
2048020.00 512.00 58.00
2049640.00 517.00 88.00
2051260.00 515.00 75.00
2052880.00 521.00 67.00
2054512.00 516.00 71.00
2056128.00 511.00 62.00
2057752.00 516.00 83.00
2059384.00 506.00 6.00
2060960.00 516.00 69.00
2062584.00 518.00 110.00
2064244.00 518.00 81.00
2065864.00 512.00 62.00
2067496.00 520.00 85.00
2069112.00 518.00 86.00
2070744.00 515.00 73.00
2072372.00 514.00 64.00
2073992.00 514.00 64.00
2075616.00 520.00 82.00
2077240.00 517.00 76.00
2078872.00 514.00 61.00
2080496.00 520.00 97.00
2082128.00 518.00 92.00
2083744.00 514.00 66.00
2085368.00 513.00 72.00
2087000.00 514.00 84.00
2088624.00 518.00 79.00
2090256.00 513.00 60.00
2091880.00 513.00 90.00
2093504.00 520.00 79.00
2095136.00 515.00 73.00
2096764.00 515.00 37.00
2098392.00 518.00 94.00
2100012.00 512.00 83.00
2101632.00 517.00 60.00
2103256.00 514.00 67.00
2104880.00 511.00 66.00
2106512.00 517.00 79.00
2108132.00 513.00 63.00
2109760.00 511.00 72.00
2111384.00 519.00 75.00
2113012.00 514.00 73.00
2114640.00 512.00 56.00
2116256.00 515.00 99.00
2117888.00 517.00 89.00
2119508.00 513.00 67.00
2121132.00 512.00 60.00
2122760.00 512.00 66.00
2124380.00 519.00 78.00
2126008.00 516.00 61.00
2127632.00 511.00 72.00
2129264.00 517.00 79.00
2130892.00 515.00 68.00
2132512.00 512.00 53.00
2134144.00 517.00 96.00
2135764.00 517.00 86.00
2137392.00 514.00 63.00
2139012.00 514.00 69.00
2140636.00 518.00 94.00
2142264.00 513.00 79.00
2143892.00 517.00 62.00
2145520.00 513.00 85.00
2147144.00 520.00 84.00
2148772.00 512.00 69.00
2150396.00 507.00 0.00
2151968.00 516.00 73.00
2153600.00 515.00 83.00
2155224.00 513.00 66.00
2156856.00 513.00 64.00
2158472.00 511.00 56.00
2160096.00 515.00 77.00
2161728.00 517.00 62.00
2163344.00 519.00 71.00
2164976.00 520.00 122.00
2166636.00 514.00 55.00
2168260.00 508.00 38.00
2169888.00 513.00 96.00
2171508.00 515.00 84.00
2173136.00 516.00 60.00
2174760.00 510.00 42.00
2176388.00 509.00 64.00
2178008.00 517.00 78.00
2179632.00 517.00 61.00
2181264.00 514.00 86.00
2182880.00 517.00 76.00
2184512.00 517.00 67.00
2186128.00 513.00 54.00
2187756.00 516.00 93.00
2189384.00 514.00 74.00
2191012.00 517.00 53.00
2192640.00 517.00 77.00
2194264.00 516.00 78.00
2195892.00 518.00 67.00
2197520.00 515.00 61.00
2199148.00 511.00 59.00
2200776.00 514.00 76.00
2202404.00 511.00 58.00
2204024.00 511.00 41.00
2205648.00 516.00 78.00
2207276.00 516.00 63.00
2208904.00 511.00 56.00
2210528.00 517.00 115.00
2212204.00 516.00 13.00
2213824.00 514.00 52.00
2215448.00 518.00 106.00
2217124.00 515.00 69.00
2218748.00 515.00 54.00
2220376.00 518.00 97.00
2222004.00 518.00 56.00
2223628.00 512.00 52.00
2225256.00 515.00 86.00
2226884.00 514.00 73.00
2228512.00 515.00 34.00
2230140.00 512.00 80.00
2231764.00 513.00 73.00
2233392.00 515.00 1.00
2234976.00 513.00 50.00
2236608.00 514.00 77.00
2238236.00 514.00 63.00
2239864.00 518.00 62.00
2241492.00 515.00 69.00
2243116.00 515.00 62.00
2244744.00 511.00 58.00
2246372.00 512.00 84.00
2248000.00 518.00 67.00
2249624.00 512.00 48.00
2251248.00 515.00 52.00
2252880.00 516.00 76.00
2254504.00 512.00 44.00
2256136.00 510.00 23.00
2257752.00 515.00 71.00
2259380.00 515.00 61.00
2261008.00 512.00 17.00
2262628.00 517.00 80.00
2264256.00 517.00 58.00
2265884.00 511.00 72.00
2267512.00 516.00 79.00
2269132.00 515.00 57.00
2270756.00 510.00 48.00
2272384.00 513.00 84.00
2274012.00 517.00 62.00
2275640.00 511.00 53.00
2277260.00 515.00 103.00
2278924.00 518.00 21.00
2280552.00 510.00 32.00
2282180.00 515.00 96.00
2283808.00 513.00 57.00
2285436.00 508.00 0.00
2287000.00 514.00 82.00
2288628.00 518.00 89.00
2290252.00 513.00 59.00
2291880.00 514.00 75.00
2293508.00 512.00 78.00
2295136.00 515.00 67.00
2296764.00 514.00 64.00
2298388.00 518.00 76.00
2300016.00 516.00 67.00
2301644.00 506.00 25.00
2303272.00 514.00 48.00
2304900.00 517.00 81.00
2306520.00 512.00 55.00
2308152.00 513.00 0.00
2309712.00 515.00 75.00
2311336.00 513.00 61.00
2312964.00 513.00 57.00
2314592.00 517.00 99.00
2316208.00 516.00 68.00
2317836.00 513.00 55.00
2319464.00 517.00 96.00
2321092.00 514.00 82.00
2322720.00 511.00 14.00
2324336.00 512.00 51.00
2325964.00 514.00 84.00
2327592.00 515.00 69.00
2329212.00 515.00 62.00
2330840.00 517.00 76.00
2332468.00 515.00 75.00
2334092.00 516.00 59.00
2335716.00 513.00 52.00
2337340.00 518.00 82.00
2338968.00 514.00 59.00
2340588.00 515.00 57.00
2342216.00 518.00 118.00
2343880.00 518.00 63.00
2345500.00 513.00 60.00
2347128.00 518.00 102.00
2348800.00 515.00 70.00
2350424.00 514.00 50.00
2352044.00 518.00 90.00
2353668.00 514.00 67.00
2355296.00 517.00 15.00
2356920.00 516.00 84.00
2358552.00 517.00 75.00
2360172.00 511.00 56.00
2361796.00 517.00 64.00
2363424.00 520.00 82.00
2365052.00 513.00 65.00
2366680.00 513.00 60.00
2368308.00 510.00 54.00
2369928.00 516.00 73.00
2371556.00 515.00 57.00
2373180.00 515.00 73.00
2374808.00 515.00 78.00
2376436.00 512.00 53.00
2378064.00 512.00 80.00
2379684.00 517.00 80.00
2381308.00 512.00 0.00
2382876.00 510.00 0.00
2384440.00 513.00 88.00
2386072.00 518.00 79.00
2387692.00 513.00 54.00
2389320.00 517.00 76.00
2390948.00 518.00 85.00
2392572.00 514.00 65.00
2394200.00 511.00 56.00
2395828.00 514.00 92.00
2397460.00 517.00 79.00
2399084.00 507.00 2.00
2400664.00 514.00 76.00
2402284.00 518.00 81.00
2403908.00 512.00 62.00
2405536.00 513.00 48.00
2407164.00 516.00 96.00
2408792.00 519.00 81.00
2410420.00 512.00 52.00
2412040.00 517.00 84.00
2413672.00 512.00 85.00
2415300.00 514.00 70.00
2416928.00 514.00 66.00
2418556.00 515.00 93.00
2420180.00 514.00 80.00
2421808.00 517.00 54.00
2423424.00 515.00 84.00
2425056.00 519.00 83.00
2426684.00 515.00 69.00
2428308.00 509.00 0.00
2429872.00 512.00 81.00
2431500.00 515.00 86.00
2433132.00 515.00 63.00
2434756.00 514.00 66.00
2436384.00 513.00 74.00
2438012.00 513.00 79.00
2439636.00 515.00 62.00
2441264.00 517.00 84.00
2442892.00 519.00 127.00
2444564.00 516.00 76.00
2446188.00 515.00 56.00
2447812.00 519.00 98.00
2449440.00 520.00 93.00
2451068.00 513.00 63.00
2452696.00 507.00 44.00
2454324.00 509.00 53.00
2455948.00 515.00 88.00
2457572.00 515.00 65.00
2459196.00 509.00 72.00
2460824.00 518.00 110.00
2462492.00 514.00 63.00
2464120.00 511.00 60.00
2465736.00 517.00 86.00
2467360.00 509.00 84.00
2468992.00 515.00 76.00
2470612.00 517.00 68.00
2472240.00 514.00 52.00
2473856.00 522.00 83.00
2475484.00 514.00 78.00
2477112.00 514.00 56.00
2478740.00 518.00 96.00
2480368.00 514.00 94.00
2481984.00 519.00 69.00
2483612.00 516.00 59.00
2485232.00 518.00 50.00
2486856.00 518.00 86.00
2488488.00 518.00 68.00
2490112.00 514.00 64.00
2491744.00 517.00 104.00
2493416.00 518.00 79.00
2495036.00 515.00 61.00
2496664.00 517.00 76.00
2498292.00 517.00 80.00
2499920.00 515.00 75.00
2501548.00 515.00 60.00
2503172.00 510.00 16.00
2504800.00 517.00 84.00
2506428.00 516.00 47.00
2508056.00 515.00 57.00
2509676.00 522.00 101.00
2511340.00 516.00 90.00
2512968.00 514.00 63.00
2514596.00 508.00 52.00
2516224.00 515.00 76.00
2517852.00 515.00 79.00
2519476.00 514.00 66.00
2521104.00 514.00 88.00
2522732.00 517.00 107.00
2524404.00 516.00 67.00
2526028.00 513.00 56.00
2527652.00 519.00 91.00
2529276.00 514.00 83.00
2530908.00 514.00 65.00
2532536.00 514.00 72.00
2534164.00 521.00 92.00
2535792.00 513.00 71.00
2537420.00 514.00 49.00
2539044.00 516.00 28.00
2540672.00 516.00 83.00
2542300.00 513.00 61.00
2543928.00 510.00 28.00
2545556.00 516.00 103.00
2547224.00 513.00 71.00
2548848.00 514.00 56.00
2550476.00 517.00 96.00
2552104.00 516.00 80.00
2553732.00 509.00 57.00
2555356.00 513.00 74.00
2556988.00 514.00 78.00
2558612.00 516.00 73.00
2560244.00 506.00 24.00
2561864.00 510.00 34.00
2563480.00 515.00 78.00
2565104.00 512.00 59.00
2566728.00 512.00 79.00
2568360.00 514.00 73.00
2569976.00 512.00 63.00
2571608.00 513.00 61.00
2573224.00 515.00 96.00
2574848.00 514.00 75.00
2576480.00 511.00 47.00
2578096.00 514.00 84.00
2579728.00 515.00 75.00
2581348.00 513.00 4.00
2582928.00 508.00 7.00
2584504.00 506.00 32.00
2586120.00 513.00 75.00
2587752.00 516.00 56.00
2589372.00 519.00 80.00
2591000.00 517.00 78.00
2592628.00 511.00 54.00
2594248.00 515.00 64.00
2595880.00 520.00 111.00
2597540.00 515.00 63.00
2599168.00 512.00 45.00
2600796.00 516.00 96.00
2602420.00 514.00 53.00
2604048.00 505.00 0.00
2605608.00 509.00 33.00
2607232.00 514.00 81.00
2608852.00 515.00 70.00
2610480.00 518.00 62.00
2612108.00 512.00 78.00
2613732.00 518.00 79.00
2615360.00 512.00 58.00
2616988.00 513.00 62.00
2618616.00 516.00 79.00
2620236.00 510.00 11.00
2621860.00 511.00 32.00
2623480.00 520.00 118.00
2625148.00 512.00 59.00
2626776.00 507.00 0.00
2628336.00 516.00 86.00
2629960.00 516.00 83.00
2631576.00 515.00 57.00
2633204.00 514.00 80.00
2634832.00 518.00 86.00
2636448.00 515.00 67.00
2638080.00 513.00 65.00
2639696.00 517.00 94.00
2641320.00 513.00 67.00
2642952.00 515.00 46.00
2644568.00 494.00 48.00
2646200.00 515.00 79.00
2647820.00 516.00 55.00
2649448.00 515.00 50.00
2651064.00 518.00 77.00
2652692.00 516.00 63.00
2654320.00 513.00 74.00
2655940.00 518.00 78.00
2657568.00 517.00 71.00
2659196.00 514.00 62.00
2660820.00 518.00 117.00
2662492.00 517.00 61.00
2664112.00 518.00 41.00
2665736.00 513.00 96.00
2667352.00 512.00 70.00
2668980.00 508.00 0.00
2670544.00 511.00 65.00
2672160.00 519.00 60.00
2673792.00 515.00 65.00
2675408.00 518.00 74.00
2677040.00 514.00 94.00
2678656.00 515.00 71.00
2680280.00 510.00 59.00
2681912.00 514.00 72.00
2683532.00 514.00 83.00
2685160.00 517.00 56.00
2686776.00 517.00 81.00
2688404.00 519.00 76.00
2690024.00 511.00 63.00
2691648.00 514.00 56.00
2693280.00 518.00 105.00
2694940.00 517.00 73.00
2696568.00 512.00 58.00
2698184.00 518.00 99.00
2699812.00 516.00 79.00
2701440.00 514.00 57.00
2703064.00 512.00 77.00
2704696.00 516.00 83.00
2706320.00 512.00 63.00
2707944.00 516.00 67.00
2709576.00 515.00 89.00
2711204.00 515.00 65.00
2712832.00 517.00 70.00
2714452.00 515.00 81.00
2716072.00 514.00 72.00
2717704.00 512.00 57.00
2719332.00 512.00 73.00
2720960.00 516.00 74.00
2722584.00 513.00 56.00
2724216.00 510.00 56.00
2725832.00 516.00 75.00
2727460.00 511.00 59.00
2729088.00 513.00 46.00
2730704.00 513.00 80.00
2732336.00 517.00 63.00
2733964.00 515.00 61.00
2735588.00 517.00 76.00
2737216.00 517.00 65.00
2738844.00 516.00 62.00
2740472.00 517.00 110.00
2742140.00 516.00 66.00
2743764.00 511.00 56.00
2745392.00 515.00 113.00
2747060.00 516.00 66.00
2748688.00 515.00 52.00
2750316.00 521.00 103.00
2751984.00 515.00 66.00
2753612.00 513.00 56.00
2755232.00 514.00 98.00
2756864.00 512.00 69.00
2758484.00 512.00 49.00
2760104.00 514.00 93.00
2761736.00 518.00 75.00
2763356.00 514.00 51.00
2764984.00 514.00 84.00
2766608.00 517.00 85.00
2768240.00 515.00 62.00
2769856.00 510.00 56.00
2771484.00 516.00 82.00
2773112.00 518.00 63.00
2774732.00 514.00 50.00
2776360.00 508.00 30.00
2777988.00 515.00 75.00
2779612.00 515.00 59.00
2781240.00 514.00 76.00
2782868.00 517.00 82.00
2784496.00 513.00 65.00
2786124.00 514.00 62.00
2787744.00 514.00 102.00
2789420.00 514.00 79.00
2791044.00 514.00 59.00
2792672.00 515.00 84.00
2794292.00 516.00 86.00
2795916.00 513.00 68.00
2797540.00 510.00 59.00
2799164.00 516.00 58.00
2800792.00 514.00 81.00
2802420.00 518.00 67.00
2804048.00 514.00 71.00
2805672.00 513.00 118.00
2807344.00 515.00 71.00
2808968.00 511.00 59.00
2810592.00 516.00 100.00
2812268.00 516.00 93.00
2813892.00 514.00 62.00
2815516.00 515.00 60.00
2817148.00 512.00 70.00
2818768.00 513.00 81.00
2820400.00 512.00 63.00
2822016.00 515.00 88.00
2823644.00 520.00 121.00
2825316.00 514.00 70.00
2826940.00 512.00 59.00
2828568.00 513.00 95.00
2830188.00 518.00 94.00
2831812.00 513.00 71.00
2833440.00 516.00 73.00
2835068.00 517.00 91.00
2836696.00 516.00 83.00
2838324.00 514.00 4.00
2839904.00 512.00 62.00
2841524.00 513.00 109.00
2843192.00 516.00 73.00
2844816.00 508.00 0.00
2846384.00 512.00 70.00
2848008.00 511.00 72.00
2849632.00 513.00 81.00
2851256.00 516.00 63.00
2852888.00 519.00 81.00
2854516.00 517.00 83.00
2856144.00 518.00 71.00
2857772.00 516.00 54.00
2859396.00 519.00 89.00
2861020.00 514.00 91.00
2862644.00 515.00 74.00
2864272.00 513.00 64.00
2865900.00 514.00 82.00
2867528.00 519.00 85.00
2869152.00 514.00 64.00
2870776.00 512.00 67.00
2872408.00 517.00 119.00
2874068.00 513.00 69.00
2875696.00 513.00 50.00
2877324.00 516.00 93.00
2878948.00 515.00 87.00
2880576.00 512.00 62.00
2882200.00 515.00 68.00
2883832.00 513.00 78.00
2885452.00 514.00 71.00
2887072.00 514.00 59.00
2888696.00 512.00 40.00
2890320.00 522.00 84.00
2891952.00 514.00 63.00
2893572.00 513.00 60.00
2895200.00 517.00 106.00
2896860.00 516.00 71.00
2898480.00 516.00 56.00
2900112.00 520.00 85.00
2901732.00 518.00 79.00
2903360.00 515.00 54.00
2904988.00 516.00 76.00
2906612.00 516.00 78.00
2908240.00 519.00 63.00
2909864.00 515.00 65.00
2911496.00 517.00 74.00
2913124.00 512.00 69.00
2914748.00 509.00 20.00
2916376.00 513.00 40.00
2918004.00 518.00 76.00
2919632.00 512.00 51.00
2921260.00 519.00 80.00
2922884.00 516.00 77.00
2924508.00 515.00 55.00
2926132.00 511.00 59.00
2927760.00 516.00 78.00
2929388.00 512.00 63.00
2931016.00 513.00 51.00
2932636.00 515.00 100.00
2934300.00 516.00 70.00
2935928.00 518.00 56.00
2937556.00 515.00 92.00
2939188.00 515.00 73.00
2940812.00 513.00 48.00
2942436.00 514.00 83.00
2944064.00 512.00 81.00
2945688.00 513.00 55.00
2947320.00 516.00 80.00
2948940.00 517.00 84.00
2950564.00 515.00 52.00
2952184.00 513.00 70.00
2953812.00 515.00 77.00
2955440.00 514.00 55.00
2957068.00 515.00 68.00
2958696.00 516.00 68.00
2960324.00 513.00 59.00
2961944.00 511.00 64.00
2963576.00 517.00 87.00
2965196.00 514.00 57.00
2966824.00 511.00 54.00
2968452.00 515.00 65.00
2970076.00 514.00 68.00
2971704.00 512.00 18.00
2973324.00 511.00 49.00
2974952.00 518.00 69.00
2976572.00 513.00 58.00
2978192.00 511.00 74.00
2979820.00 514.00 76.00
2981444.00 508.00 15.00
2983072.00 512.00 36.00
2984692.00 516.00 78.00
2986320.00 515.00 54.00
2987948.00 515.00 64.00
2989572.00 517.00 76.00
2991200.00 513.00 61.00
2992828.00 515.00 61.00
2994456.00 516.00 69.00
2996076.00 516.00 61.00
2997700.00 510.00 54.00
2999328.00 514.00 107.00
3001000.00 512.00 68.00
3002628.00 510.00 338.00
3004304.00 508.00 516.00
3005984.00 506.00 287.00
3007660.00 509.00 351.00
3009336.00 507.00 515.00
3011008.00 503.00 325.00
3012684.00 508.00 312.00
3014360.00 506.00 474.00
3016036.00 509.00 437.00
3017712.00 508.00 335.00
3019384.00 509.00 350.00
3021060.00 504.00 459.00
3022736.00 512.00 554.00
3024416.00 505.00 419.00
3026092.00 509.00 366.00
3027768.00 508.00 375.00
3029440.00 508.00 436.00
3031116.00 505.00 531.00
3032792.00 508.00 530.00
3034468.00 506.00 499.00
3036144.00 505.00 444.00
3037816.00 509.00 409.00
3039492.00 509.00 423.00
3041168.00 507.00 413.00
3042840.00 510.00 444.00
3044516.00 510.00 461.00
3046192.00 505.00 511.00
3047864.00 506.00 526.00
3049540.00 509.00 561.00
3051216.00 510.00 559.00
3052892.00 509.00 586.00
3054568.00 506.00 617.00
3056240.00 507.00 594.00
3057916.00 507.00 584.00
3059592.00 511.00 597.00
3061264.00 508.00 581.00
3062940.00 507.00 588.00
3064616.00 512.00 563.00
3066288.00 508.00 559.00
3067964.00 509.00 524.00
3069640.00 506.00 521.00
3071316.00 510.00 496.00
3072992.00 510.00 506.00
3074668.00 509.00 504.00
3076348.00 502.00 515.00
3078020.00 512.00 520.00
3079696.00 511.00 567.00
3081372.00 507.00 607.00
3083048.00 504.00 625.00
3084720.00 506.00 647.00
3086396.00 510.00 611.00
3088072.00 511.00 569.00
3089748.00 507.00 532.00
3091424.00 509.00 534.00
3093096.00 507.00 534.00
3094772.00 510.00 562.00
3096448.00 508.00 626.00
3098120.00 505.00 656.00
3099796.00 508.00 645.00
3101472.00 508.00 580.00
3103148.00 509.00 557.00
3104828.00 511.00 555.00
3106504.00 506.00 592.00
3108180.00 506.00 709.00
3109856.00 510.00 690.00
3111528.00 509.00 611.00
3113204.00 505.00 567.00
3114876.00 509.00 580.00
3116552.00 509.00 648.00
3118228.00 507.00 687.00
3119904.00 505.00 639.00
3121584.00 507.00 580.00
3123260.00 509.00 595.00
3124932.00 512.00 667.00
3126612.00 510.00 711.00
3128288.00 510.00 622.00
3129960.00 511.00 595.00
3131636.00 509.00 643.00
3133312.00 512.00 714.00
3134984.00 505.00 636.00
3136660.00 506.00 610.00
3138332.00 507.00 656.00
3140012.00 509.00 720.00
3141692.00 508.00 645.00
3143368.00 507.00 620.00
3145044.00 504.00 690.00
3146720.00 506.00 705.00
3148392.00 506.00 625.00
3150068.00 508.00 660.00
3151744.00 505.00 734.00
3153416.00 509.00 643.00
3155092.00 508.00 649.00
3156768.00 510.00 755.00
3158444.00 508.00 669.00
3160124.00 505.00 650.00
3161800.00 509.00 766.00
3163476.00 507.00 684.00
3165152.00 506.00 659.00
3166824.00 504.00 767.00
3168500.00 508.00 680.00
3170176.00 503.00 670.00
3171848.00 507.00 764.00
3173524.00 507.00 668.00
3175200.00 504.00 689.00
3176876.00 511.00 756.00
3178556.00 505.00 677.00
3180232.00 508.00 735.00
3181908.00 510.00 729.00
3183584.00 504.00 686.00
3185256.00 508.00 770.00
3186932.00 506.00 694.00
3188608.00 508.00 743.00
3190280.00 505.00 730.00
3191956.00 508.00 704.00
3193632.00 504.00 780.00
3195312.00 511.00 703.00
3196988.00 505.00 770.00
3198664.00 508.00 720.00
3200344.00 509.00 745.00
3202012.00 508.00 749.00
3203684.00 510.00 725.00
3205364.00 506.00 784.00
3207036.00 509.00 720.00
3208708.00 504.00 797.00
3210388.00 508.00 728.00
3212060.00 503.00 814.00
3213740.00 506.00 730.00
3215420.00 508.00 791.00
3217096.00 509.00 738.00
3218772.00 508.00 834.00
3220448.00 505.00 743.00
3222120.00 509.00 793.00
3223796.00 508.00 756.00
3225472.00 505.00 773.00
3227144.00 511.00 752.00
3228820.00 509.00 807.00
3230492.00 505.00 763.00
3232172.00 509.00 840.00
3233852.00 509.00 764.00
3235528.00 507.00 832.00
3237204.00 508.00 776.00
3238880.00 509.00 828.00
3240548.00 508.00 786.00
3242228.00 510.00 804.00
3243904.00 505.00 819.00
3245576.00 508.00 794.00
3247252.00 510.00 857.00
3248928.00 508.00 796.00
3250604.00 510.00 836.00
3252284.00 507.00 821.00
3253956.00 504.00 814.00
3255636.00 508.00 869.00
3257312.00 507.00 814.00
3258984.00 509.00 842.00
3260660.00 507.00 851.00
3262336.00 506.00 824.00
3264008.00 508.00 867.00
3265684.00 508.00 848.00
3267356.00 505.00 833.00
3269036.00 509.00 885.00
3270716.00 508.00 853.00
3272392.00 508.00 845.00
3274068.00 508.00 885.00
3275744.00 508.00 864.00
3277416.00 510.00 851.00
3279092.00 509.00 883.00
3280764.00 508.00 880.00
3282436.00 507.00 862.00
3284116.00 505.00 882.00
3285788.00 506.00 910.00
3287468.00 507.00 874.00
3289148.00 505.00 873.00
3290820.00 508.00 901.00
3292500.00 504.00 901.00
3294172.00 509.00 883.00
3295844.00 510.00 889.00
3297524.00 508.00 915.00
3299196.00 503.00 911.00
3300872.00 509.00 895.00
3302548.00 508.00 896.00
3304220.00 507.00 917.00
3305900.00 506.00 922.00
3307580.00 509.00 909.00
3309252.00 511.00 906.00
3310932.00 509.00 919.00
3312608.00 511.00 934.00
3314280.00 506.00 930.00
3315956.00 506.00 920.00
3317632.00 508.00 920.00
3319304.00 507.00 928.00
3320980.00 506.00 949.00
3322652.00 507.00 943.00
3324332.00 506.00 938.00
3326012.00 504.00 935.00
3327688.00 506.00 938.00
3329364.00 509.00 946.00
3331036.00 509.00 954.00
3332712.00 508.00 963.00
3334388.00 508.00 955.00
3336064.00 504.00 952.00
3337732.00 510.00 954.00
3339412.00 508.00 956.00
3341088.00 510.00 962.00
3342764.00 505.00 965.00
3344444.00 508.00 972.00
3346116.00 507.00 971.00
3347796.00 507.00 974.00
3349472.00 510.00 976.00
3351140.00 509.00 978.00
3352820.00 507.00 979.00
3354492.00 506.00 983.00
3356164.00 509.00 986.00
3357844.00 509.00 987.00
3359520.00 510.00 987.00
3361196.00 507.00 988.00
3362876.00 507.00 988.00
3364548.00 506.00 991.00
3366228.00 512.00 995.00
3367904.00 508.00 1002.00
3369616.00 506.00 1004.00
3371344.00 506.00 1013.00
3373064.00 508.00 1020.00
3374776.00 509.00 1023.00
3376504.00 506.00 1023.00
3378224.00 509.00 1023.00
3379936.00 506.00 1023.00
3381664.00 507.00 1023.00
3383384.00 502.00 1023.00
3385096.00 510.00 1023.00
3386824.00 506.00 1023.00
3388544.00 510.00 1023.00
3390256.00 509.00 1023.00
3391976.00 511.00 1023.00
3393704.00 510.00 1023.00
3395424.00 505.00 1021.00
3397144.00 504.00 1016.00
3398872.00 506.00 1012.00
3400584.00 507.00 1009.00
3402304.00 505.00 1007.00
3404032.00 508.00 1008.00
3405744.00 506.00 1008.00
3407464.00 509.00 1011.00
3409192.00 508.00 1015.00
3410904.00 509.00 1019.00
3412624.00 509.00 1023.00
3414352.00 508.00 1023.00
3416072.00 507.00 1023.00
3417792.00 508.00 1023.00
3419520.00 508.00 1023.00
3421240.00 506.00 1023.00
3422952.00 502.00 1023.00
3424680.00 508.00 1023.00
3426400.00 511.00 1023.00
3428112.00 506.00 1023.00
3429840.00 511.00 1023.00
3431560.00 509.00 1023.00
3433272.00 508.00 1021.00
3434992.00 509.00 1021.00
3436720.00 511.00 1020.00
3438436.00 508.00 1021.00
3440152.00 507.00 1021.00
3441880.00 504.00 1021.00
3443592.00 508.00 1022.00
3445312.00 508.00 1023.00
3447040.00 510.00 1023.00
3448752.00 508.00 1023.00
3450472.00 508.00 1023.00
3452200.00 510.00 1022.00
3453912.00 508.00 1023.00
3455636.00 509.00 1023.00
3457360.00 504.00 1023.00
3459088.00 507.00 1023.00
3460800.00 506.00 1023.00
3462528.00 506.00 1023.00
3464248.00 505.00 1023.00
3465960.00 506.00 1023.00
3467688.00 514.00 1023.00
3469408.00 508.00 1023.00
3471120.00 504.00 1023.00
3472848.00 511.00 1023.00
3474576.00 509.00 1023.00
3476288.00 506.00 1023.00
3478008.00 507.00 1023.00
3479736.00 506.00 1023.00
3481452.00 505.00 1023.00
3483172.00 507.00 1023.00
3484896.00 509.00 1023.00
3486608.00 508.00 1023.00
3488328.00 505.00 1023.00
3490056.00 510.00 1023.00
3491768.00 508.00 1023.00
3493488.00 506.00 1023.00
3495216.00 510.00 1023.00
3496928.00 508.00 1023.00
3498648.00 509.00 1023.00
3500376.00 506.00 1023.00
3502096.00 512.00 1023.00
3503816.00 507.00 1023.00
3505544.00 508.00 1023.00
3507272.00 505.00 1023.00
3508992.00 507.00 1023.00
3510720.00 511.00 1023.00
3512440.00 510.00 1023.00
3514152.00 507.00 1023.00
3515876.00 505.00 1023.00
3517600.00 505.00 1023.00
3519320.00 506.00 1023.00
3521044.00 506.00 1023.00
3522768.00 507.00 1023.00
3524480.00 506.00 1023.00
3526200.00 508.00 1023.00
3527928.00 504.00 1023.00
3529640.00 509.00 1023.00
3531360.00 508.00 1023.00
3533088.00 508.00 1023.00
3534800.00 506.00 1023.00
3536520.00 506.00 1023.00
3538248.00 504.00 1023.00
3539960.00 509.00 1023.00
3541680.00 510.00 1023.00
3543408.00 505.00 1023.00
3545128.00 506.00 1023.00
3546840.00 506.00 1023.00
3548568.00 508.00 1023.00
3550288.00 509.00 1023.00
3552004.00 509.00 1023.00
3553728.00 510.00 1023.00
3555448.00 507.00 1023.00
3557160.00 510.00 1023.00
3558884.00 509.00 1023.00
3560608.00 508.00 1023.00
3562320.00 504.00 1023.00
3564040.00 510.00 1023.00
3565768.00 509.00 1023.00
3567480.00 505.00 1023.00
3569200.00 507.00 1023.00
3570928.00 507.00 1023.00
3572644.00 512.00 1023.00
3574360.00 502.00 1023.00
3576088.00 511.00 1023.00
3577812.00 512.00 1023.00
3579532.00 507.00 1023.00
3581256.00 508.00 1023.00
3582984.00 506.00 1023.00
3584708.00 508.00 1023.00
3586432.00 508.00 1023.00
3588152.00 509.00 1023.00
3589864.00 511.00 1023.00
3591592.00 509.00 1023.00
3593312.00 508.00 1023.00
3595036.00 509.00 1023.00
3596760.00 509.00 1023.00
3598488.00 510.00 1023.00
3600208.00 506.00 1023.00
3601928.00 510.00 1023.00
3603656.00 506.00 1023.00
3605368.00 504.00 1023.00
3607088.00 509.00 1023.00
3608816.00 508.00 1023.00
3610528.00 505.00 1023.00
3612248.00 510.00 1023.00
3613976.00 509.00 1023.00
3615688.00 510.00 1023.00
3617408.00 506.00 1023.00
3619136.00 510.00 1023.00
3620848.00 505.00 1023.00
3622568.00 508.00 1023.00
3624296.00 507.00 1023.00
3626016.00 508.00 1023.00
3627728.00 506.00 1023.00
3629456.00 508.00 1023.00
3631176.00 510.00 1023.00
3632892.00 507.00 1023.00
3634616.00 510.00 1023.00
3636336.00 512.00 1023.00
3638056.00 507.00 1023.00
3639776.00 509.00 1023.00
3641504.00 508.00 1023.00
3643220.00 510.00 1023.00
3644936.00 509.00 1023.00
3646664.00 508.00 1023.00
3648376.00 507.00 1023.00
3650096.00 506.00 1023.00
3651824.00 506.00 1023.00
3653536.00 508.00 1023.00
3655256.00 507.00 1023.00
3656984.00 510.00 1023.00
3658696.00 507.00 1023.00
3660416.00 509.00 1023.00
3662144.00 507.00 1023.00
3663856.00 509.00 1023.00
3665580.00 504.00 1023.00
3667304.00 509.00 1023.00
3669032.00 507.00 1023.00
3670748.00 510.00 1023.00
3672472.00 507.00 1023.00
3674200.00 510.00 1023.00
3675924.00 511.00 1023.00
3677648.00 510.00 1023.00
3679376.00 505.00 1023.00
3681100.00 507.00 1023.00
3682820.00 511.00 1023.00
3684544.00 507.00 1023.00
3686260.00 509.00 1023.00
3687980.00 509.00 1023.00
3689704.00 507.00 1023.00
3691416.00 508.00 1023.00
3693136.00 507.00 1023.00
3694864.00 507.00 1023.00
3696576.00 508.00 1023.00
3698296.00 507.00 1023.00
3700024.00 504.00 1023.00
3701736.00 511.00 1023.00
3703460.00 505.00 1023.00
3705184.00 506.00 1023.00
3706904.00 507.00 1023.00
3708624.00 504.00 1023.00
3710352.00 507.00 1023.00
3712072.00 512.00 1023.00
3713792.00 509.00 1023.00
3715520.00 510.00 1023.00
3717240.00 508.00 1023.00
3718952.00 509.00 1023.00
3720672.00 509.00 1023.00
3722400.00 507.00 1023.00
3724112.00 510.00 1023.00
3725836.00 504.00 1023.00
3727560.00 507.00 1023.00
3729280.00 507.00 1023.00
3731000.00 510.00 1023.00
3732728.00 506.00 1023.00
3734448.00 510.00 1023.00
3736168.00 507.00 1022.00
3737896.00 509.00 1023.00
3739608.00 508.00 1023.00
3741328.00 506.00 1023.00
3743056.00 507.00 1023.00
3744776.00 510.00 1023.00
3746492.00 507.00 1023.00
3748216.00 511.00 1023.00
3749936.00 509.00 1023.00
3751652.00 507.00 1023.00
3753376.00 504.00 1023.00
3755104.00 508.00 1023.00
3756828.00 508.00 1023.00
3758552.00 509.00 1023.00
3760272.00 506.00 1023.00
3761996.00 511.00 1023.00
3763716.00 503.00 1023.00
3765440.00 507.00 1023.00
3767152.00 505.00 1023.00
3768876.00 510.00 1023.00
3770600.00 509.00 1023.00
3772312.00 510.00 1023.00
3774036.00 507.00 1023.00
3775760.00 507.00 1023.00
3777484.00 508.00 1023.00
3779200.00 509.00 1023.00
3780928.00 508.00 1023.00
3782640.00 507.00 1023.00
3784360.00 506.00 1023.00
3786088.00 507.00 1023.00
3787808.00 508.00 1023.00
3789524.00 511.00 1023.00
3791248.00 513.00 1023.00
3792968.00 507.00 1023.00
3794688.00 508.00 1023.00
3796416.00 506.00 1023.00
3798136.00 514.00 1023.00
3799860.00 507.00 1023.00
3801580.00 511.00 1023.00
3803304.00 507.00 1023.00
3805028.00 509.00 1023.00
3806748.00 505.00 1023.00
3808472.00 506.00 1023.00
3810196.00 509.00 1023.00
3811916.00 507.00 1023.00
3813640.00 508.00 1023.00
3815364.00 505.00 1023.00
3817080.00 510.00 1023.00
3818808.00 511.00 1023.00
3820532.00 506.00 1023.00
3822252.00 504.00 1023.00
3823976.00 508.00 1023.00
3825704.00 506.00 1023.00
3827428.00 506.00 1023.00
3829152.00 508.00 1023.00
3830880.00 506.00 1023.00
3832604.00 507.00 1022.00
3834328.00 509.00 1023.00
3836056.00 508.00 1023.00
3837780.00 510.00 1023.00
3839500.00 508.00 1023.00
3841228.00 508.00 1023.00
3842944.00 505.00 1023.00
3844664.00 509.00 1023.00
3846392.00 505.00 1023.00
3848108.00 509.00 1023.00
3849824.00 510.00 1023.00
3851552.00 508.00 1023.00
3853264.00 507.00 1023.00
3854984.00 508.00 1023.00
3856712.00 503.00 1023.00
3858424.00 507.00 1023.00
3860144.00 508.00 1023.00
3861872.00 510.00 1023.00
3863592.00 504.00 1023.00
3865308.00 507.00 1023.00
3867032.00 509.00 1023.00
3868760.00 507.00 1023.00
3870476.00 509.00 1023.00
3872200.00 509.00 1023.00
3873928.00 508.00 1023.00
3875640.00 510.00 1023.00
3877364.00 509.00 1023.00
3879088.00 510.00 1023.00
3880800.00 511.00 1023.00
3882520.00 506.00 1023.00
3884248.00 508.00 1023.00
3885968.00 511.00 1023.00
3887692.00 507.00 1023.00
3889416.00 510.00 1023.00
3891140.00 507.00 1023.00
3892860.00 508.00 1023.00
3894584.00 506.00 1023.00
3896296.00 511.00 1023.00
3898020.00 504.00 1023.00
3899744.00 509.00 1023.00
3901464.00 510.00 1023.00
3903184.00 511.00 1023.00
3904912.00 508.00 1023.00
3906640.00 510.00 1023.00
3908352.00 510.00 1023.00
3910080.00 509.00 1022.00
3911808.00 508.00 1023.00
3913520.00 511.00 1023.00
3915244.00 506.00 1023.00
3916968.00 510.00 1023.00
3918688.00 508.00 1023.00
3920412.00 508.00 1023.00
3922136.00 505.00 1023.00
3923848.00 507.00 1023.00
3925568.00 505.00 1023.00
3927296.00 507.00 1023.00
3929020.00 505.00 1023.00
3930740.00 507.00 1023.00
3932464.00 506.00 1023.00
3934184.00 507.00 1023.00
3935904.00 507.00 1023.00
3937632.00 507.00 1023.00
3939360.00 506.00 1023.00
3941072.00 506.00 1023.00
3942800.00 507.00 1023.00
3944528.00 506.00 1023.00
3946240.00 505.00 1023.00
3947968.00 506.00 1023.00
3949688.00 507.00 1023.00
3951400.00 508.00 1023.00
3953124.00 508.00 1023.00
3954848.00 508.00 1023.00
3956560.00 508.00 1023.00
3958280.00 509.00 1023.00
3960008.00 512.00 1023.00
3961720.00 508.00 1023.00
3963440.00 505.00 1023.00
3965168.00 508.00 1023.00
3966884.00 503.00 1023.00
3968604.00 509.00 1023.00
3970328.00 507.00 1023.00
3972040.00 507.00 1023.00
3973760.00 507.00 1023.00
3975488.00 507.00 1023.00
3977200.00 510.00 1023.00
3978920.00 506.00 1023.00
3980648.00 509.00 1023.00
3982368.00 506.00 1023.00
3984092.00 509.00 1023.00
3985816.00 507.00 1023.00
3987536.00 508.00 1023.00
3989260.00 508.00 1023.00
3990984.00 506.00 1023.00
3992712.00 510.00 1023.00
3994436.00 516.00 1023.00
3996152.00 510.00 1023.00
3997880.00 506.00 1023.00
3999604.00 511.00 1023.00
4001324.00 506.00 1023.00
END
